chair 429 257 578 440 1.00 
chair 383 202 462 324 1.00 
chair 328 211 443 352 1.00 
chair 279 297 561 608 1.00 
chair 618 219 703 305 0.99 
chair 423 190 495 263 0.99 
chair 533 235 617 358 0.99 
chair 467 192 513 283 0.98 
chair 553 243 696 351 0.97 
chair 656 215 716 274 0.97 
chair 429 257 578 440 1.00 
chair 383 202 462 324 1.00 
chair 328 211 443 352 1.00 
chair 279 297 561 608 1.00 
chair 618 219 703 305 0.99 
chair 423 190 495 263 0.99 
chair 533 235 617 358 0.99 
chair 467 192 513 283 0.98 
chair 553 243 696 351 0.97 
chair 656 215 716 274 0.97 
