chair 182 100 268 219 1.00 
chair 117 60 192 171 1.00 
chair 429 141 517 193 1.00 
chair 575 270 790 487 1.00 
chair 590 219 726 376 1.00 
chair 597 148 730 250 0.99 
chair 111 163 303 400 0.99 
chair 105 213 359 526 0.99 
table 236 193 754 539 0.98 
table 257 110 491 193 0.89 
chair 182 100 268 219 1.00 
chair 117 60 192 171 1.00 
chair 429 141 517 193 1.00 
chair 575 270 790 487 1.00 
chair 590 219 726 376 1.00 
chair 597 148 730 250 0.99 
chair 111 163 303 400 0.99 
chair 105 213 359 526 0.99 
table 236 193 754 539 0.98 
table 257 110 491 193 0.89 
