chair 378 211 596 530 1.00 
chair 311 150 446 293 1.00 
chair 206 166 342 314 1.00 
chair 402 135 502 248 1.00 
chair 6 181 180 371 1.00 
table 76 187 715 487 1.00 
chair 0 273 240 595 1.00 
chair 134 444 422 609 0.99 
chair 593 188 754 387 0.99 
chair 532 126 603 232 0.99 
chair 585 151 650 247 0.96 
chair 627 172 748 258 0.66 
chair 347 146 480 270 0.53 
chair 378 211 596 530 1.00 
chair 311 150 446 293 1.00 
chair 206 166 342 314 1.00 
chair 402 135 502 248 1.00 
chair 6 181 180 371 1.00 
table 76 187 715 487 1.00 
chair 0 273 240 595 1.00 
chair 134 444 422 609 0.99 
chair 593 188 754 387 0.99 
chair 532 126 603 232 0.99 
chair 585 151 650 247 0.96 
chair 627 172 748 258 0.66 
chair 347 146 480 270 0.53 
