chair 188 236 473 596 1.00 
chair 149 161 283 304 1.00 
chair 28 169 186 367 1.00 
chair 227 150 302 246 1.00 
chair 673 131 751 193 1.00 
chair 412 204 601 442 0.99 
chair 324 166 429 297 0.99 
chair 617 139 711 244 0.99 
chair 488 116 590 214 0.99 
chair 555 157 675 282 0.99 
chair 265 184 430 360 0.98 
chair 646 152 755 287 0.98 
chair 459 132 549 245 0.98 
chair 478 180 628 334 0.98 
chair 540 124 621 171 0.97 
chair 404 111 492 210 0.96 
chair 388 157 476 279 0.95 
chair 362 120 463 235 0.94 
chair 129 208 316 443 0.90 
chair 190 156 293 268 0.78 
chair 581 163 710 307 0.61 
chair 387 193 545 351 0.59 
chair 346 146 440 244 0.54 
chair 654 135 732 232 0.53 
chair 481 157 584 266 0.51 
chair 188 236 473 596 1.00 
chair 149 161 283 304 1.00 
chair 28 169 186 367 1.00 
chair 227 150 302 246 1.00 
chair 673 131 751 193 1.00 
chair 412 204 601 442 0.99 
chair 324 166 429 297 0.99 
chair 617 139 711 244 0.99 
chair 488 116 590 214 0.99 
chair 555 157 675 282 0.99 
chair 265 184 430 360 0.98 
chair 646 152 755 287 0.98 
chair 459 132 549 245 0.98 
chair 478 180 628 334 0.98 
chair 540 124 621 171 0.97 
chair 404 111 492 210 0.96 
chair 388 157 476 279 0.95 
chair 362 120 463 235 0.94 
chair 129 208 316 443 0.90 
chair 190 156 293 268 0.78 
chair 581 163 710 307 0.61 
chair 387 193 545 351 0.59 
chair 346 146 440 244 0.54 
chair 654 135 732 232 0.53 
chair 481 157 584 266 0.51 
