chair 274 198 475 447 1.00 
chair 484 79 566 137 1.00 
chair 20 238 294 492 1.00 
chair 539 79 640 188 1.00 
chair 636 140 771 332 1.00 
table 10 163 220 336 1.00 
table 9 152 560 491 1.00 
chair 553 149 720 362 1.00 
chair 429 170 632 404 0.99 
chair 613 80 722 193 0.99 
table 438 93 640 217 0.99 
table 454 108 719 259 0.89 
table 439 117 785 345 0.87 
table 213 131 750 417 0.62 
chair 274 198 475 447 1.00 
chair 484 79 566 137 1.00 
chair 20 238 294 492 1.00 
chair 539 79 640 188 1.00 
chair 636 140 771 332 1.00 
table 10 163 220 336 1.00 
table 9 152 560 491 1.00 
chair 553 149 720 362 1.00 
chair 429 170 632 404 0.99 
chair 613 80 722 193 0.99 
table 438 93 640 217 0.99 
table 454 108 719 259 0.89 
table 439 117 785 345 0.87 
table 213 131 750 417 0.62 
