chair 249 220 490 557 1.00 
chair 338 135 454 283 1.00 
chair 456 127 556 243 1.00 
chair 129 123 268 247 1.00 
chair 551 133 691 274 0.99 
chair 0 117 88 271 0.99 
chair 698 130 835 299 0.99 
chair 250 122 324 288 0.98 
table 32 174 580 479 0.98 
chair 107 222 306 425 0.97 
chair 524 171 680 412 0.96 
chair 249 220 490 557 1.00 
chair 338 135 454 283 1.00 
chair 456 127 556 243 1.00 
chair 129 123 268 247 1.00 
chair 551 133 691 274 0.99 
chair 0 117 88 271 0.99 
chair 698 130 835 299 0.99 
chair 250 122 324 288 0.98 
table 32 174 580 479 0.98 
chair 107 222 306 425 0.97 
chair 524 171 680 412 0.96 
