chair 207 54 347 255 1.00 
chair 571 109 788 403 0.99 
chair 586 42 658 187 0.99 
chair 69 213 425 602 0.99 
table 186 125 616 589 0.98 
chair 343 55 477 174 0.98 
table 513 172 834 522 0.97 
chair 488 51 627 225 0.97 
chair 43 118 253 389 0.96 
table 195 75 549 214 0.89 
table 517 61 672 196 0.71 
table 376 67 594 212 0.59 
chair 207 54 347 255 1.00 
chair 571 109 788 403 0.99 
chair 586 42 658 187 0.99 
chair 69 213 425 602 0.99 
table 186 125 616 589 0.98 
chair 343 55 477 174 0.98 
table 513 172 834 522 0.97 
chair 488 51 627 225 0.97 
chair 43 118 253 389 0.96 
table 195 75 549 214 0.89 
table 517 61 672 196 0.71 
table 376 67 594 212 0.59 
