chair 637 288 804 410 1.00 
chair 593 248 717 331 1.00 
chair 162 163 335 437 1.00 
chair 407 189 544 326 0.99 
chair 398 254 598 471 0.99 
chair 422 284 662 579 0.96 
desk 376 167 834 617 0.96 
chair 436 387 804 598 0.95 
chair 404 220 550 393 0.86 
desk 277 186 473 459 0.74 
chair 637 288 804 410 1.00 
chair 593 248 717 331 1.00 
chair 162 163 335 437 1.00 
chair 407 189 544 326 0.99 
chair 398 254 598 471 0.99 
chair 422 284 662 579 0.96 
desk 376 167 834 617 0.96 
chair 436 387 804 598 0.95 
chair 404 220 550 393 0.86 
desk 277 186 473 459 0.74 
