chair 208 136 370 375 1.00 
table 40 126 638 561 1.00 
chair 70 170 358 455 1.00 
chair 547 124 723 313 1.00 
chair 499 150 710 389 1.00 
chair 294 109 451 253 0.99 
table 1 126 133 313 0.99 
chair 374 185 685 563 0.99 
chair 0 358 128 606 0.97 
chair 255 117 425 314 0.82 
chair 208 136 370 375 1.00 
table 40 126 638 561 1.00 
chair 70 170 358 455 1.00 
chair 547 124 723 313 1.00 
chair 499 150 710 389 1.00 
chair 294 109 451 253 0.99 
table 1 126 133 313 0.99 
chair 374 185 685 563 0.99 
chair 0 358 128 606 0.97 
chair 255 117 425 314 0.82 
