chair 699 112 775 216 1.00 
chair 67 189 275 451 1.00 
chair 538 121 639 230 1.00 
chair 584 112 656 219 1.00 
chair 344 179 525 424 1.00 
chair 495 206 764 493 0.99 
chair 203 227 481 602 0.99 
chair 648 111 792 241 0.96 
table 579 122 723 230 0.92 
table 271 194 551 509 0.70 
chair 699 112 775 216 1.00 
chair 67 189 275 451 1.00 
chair 538 121 639 230 1.00 
chair 584 112 656 219 1.00 
chair 344 179 525 424 1.00 
chair 495 206 764 493 0.99 
chair 203 227 481 602 0.99 
chair 648 111 792 241 0.96 
table 579 122 723 230 0.92 
table 271 194 551 509 0.70 
