chair 380 266 540 486 1.00 
chair 567 211 672 365 1.00 
chair 758 203 836 328 1.00 
chair 375 207 489 324 1.00 
chair 547 284 783 544 1.00 
chair 212 188 318 353 1.00 
chair 45 297 283 601 1.00 
table 0 213 333 434 0.99 
chair 0 237 141 431 0.98 
table 218 235 851 475 0.98 
chair 21 258 206 485 0.98 
chair 380 266 540 486 1.00 
chair 567 211 672 365 1.00 
chair 758 203 836 328 1.00 
chair 375 207 489 324 1.00 
chair 547 284 783 544 1.00 
chair 212 188 318 353 1.00 
chair 45 297 283 601 1.00 
table 0 213 333 434 0.99 
chair 0 237 141 431 0.98 
table 218 235 851 475 0.98 
chair 21 258 206 485 0.98 
