chair 476 202 676 461 1.00 
chair 269 158 376 299 1.00 
chair 497 156 601 241 0.99 
chair 68 196 228 399 0.99 
table 248 220 586 580 0.99 
chair 88 260 399 611 0.99 
table 536 154 674 206 0.98 
chair 651 180 824 379 0.98 
chair 308 161 446 347 0.97 
table 150 171 325 328 0.97 
table 92 156 222 267 0.92 
table 83 150 186 238 0.91 
table 165 179 406 367 0.90 
table 411 141 530 231 0.81 
chair 476 202 676 461 1.00 
chair 269 158 376 299 1.00 
chair 497 156 601 241 0.99 
chair 68 196 228 399 0.99 
table 248 220 586 580 0.99 
chair 88 260 399 611 0.99 
table 536 154 674 206 0.98 
chair 651 180 824 379 0.98 
chair 308 161 446 347 0.97 
table 150 171 325 328 0.97 
table 92 156 222 267 0.92 
table 83 150 186 238 0.91 
table 165 179 406 367 0.90 
table 411 141 530 231 0.81 
