chair 603 237 809 491 1.00 
chair 618 195 710 312 1.00 
chair 540 175 626 276 1.00 
chair 624 149 717 238 1.00 
chair 268 231 404 431 1.00 
chair 108 244 252 441 1.00 
chair 310 282 527 582 1.00 
chair 256 184 341 283 0.99 
chair 688 157 813 264 0.99 
chair 154 206 258 334 0.99 
chair 489 161 576 257 0.99 
chair 334 168 382 226 0.98 
chair 512 207 653 373 0.98 
chair 752 236 836 439 0.98 
chair 251 174 301 229 0.97 
chair 416 168 508 267 0.97 
chair 156 191 237 258 0.96 
chair 461 182 538 286 0.94 
chair 388 154 463 241 0.94 
chair 395 207 521 375 0.94 
chair 0 317 228 614 0.93 
chair 354 196 435 295 0.92 
chair 248 180 317 248 0.63 
chair 361 171 445 263 0.63 
chair 263 207 351 339 0.61 
chair 521 192 617 333 0.53 
chair 603 237 809 491 1.00 
chair 618 195 710 312 1.00 
chair 540 175 626 276 1.00 
chair 624 149 717 238 1.00 
chair 268 231 404 431 1.00 
chair 108 244 252 441 1.00 
chair 310 282 527 582 1.00 
chair 256 184 341 283 0.99 
chair 688 157 813 264 0.99 
chair 154 206 258 334 0.99 
chair 489 161 576 257 0.99 
chair 334 168 382 226 0.98 
chair 512 207 653 373 0.98 
chair 752 236 836 439 0.98 
chair 251 174 301 229 0.97 
chair 416 168 508 267 0.97 
chair 156 191 237 258 0.96 
chair 461 182 538 286 0.94 
chair 388 154 463 241 0.94 
chair 395 207 521 375 0.94 
chair 0 317 228 614 0.93 
chair 354 196 435 295 0.92 
chair 248 180 317 248 0.63 
chair 361 171 445 263 0.63 
chair 263 207 351 339 0.61 
chair 521 192 617 333 0.53 
