chair 539 169 636 287 1.00 
chair 75 178 215 327 1.00 
chair 259 176 376 306 1.00 
chair 539 201 706 420 1.00 
chair 359 168 470 310 1.00 
chair 748 151 835 290 1.00 
bookshelf 598 66 767 284 1.00 
chair 0 220 104 362 1.00 
chair 0 238 184 492 1.00 
chair 376 260 703 604 0.99 
chair 35 245 300 540 0.99 
chair 539 169 636 287 1.00 
chair 75 178 215 327 1.00 
chair 259 176 376 306 1.00 
chair 539 201 706 420 1.00 
chair 359 168 470 310 1.00 
chair 748 151 835 290 1.00 
bookshelf 598 66 767 284 1.00 
chair 0 220 104 362 1.00 
chair 0 238 184 492 1.00 
chair 376 260 703 604 0.99 
chair 35 245 300 540 0.99 
