chair 568 130 660 243 1.00 
chair 682 132 796 268 1.00 
chair 45 112 130 192 1.00 
sofa 376 178 672 441 1.00 
chair 565 125 614 180 0.99 
chair 192 106 265 241 0.99 
sofa 0 194 306 499 0.99 
chair 470 132 574 247 0.99 
chair 130 111 196 184 0.98 
chair 0 112 63 270 0.97 
chair 253 107 314 229 0.97 
chair 729 149 839 300 0.86 
sofa 567 197 833 578 0.81 
chair 474 131 519 232 0.80 
table 517 141 639 239 0.73 
table 660 161 823 296 0.60 
chair 215 118 294 236 0.60 
table 0 122 392 228 0.59 
chair 568 130 660 243 1.00 
chair 682 132 796 268 1.00 
chair 45 112 130 192 1.00 
sofa 376 178 672 441 1.00 
chair 565 125 614 180 0.99 
chair 192 106 265 241 0.99 
sofa 0 194 306 499 0.99 
chair 470 132 574 247 0.99 
chair 130 111 196 184 0.98 
chair 0 112 63 270 0.97 
chair 253 107 314 229 0.97 
chair 729 149 839 300 0.86 
sofa 567 197 833 578 0.81 
chair 474 131 519 232 0.80 
table 517 141 639 239 0.73 
table 660 161 823 296 0.60 
chair 215 118 294 236 0.60 
table 0 122 392 228 0.59 
