chair 619 198 784 377 1.00 
chair 499 182 586 304 1.00 
chair 187 254 425 581 1.00 
chair 469 214 647 434 1.00 
chair 331 170 431 299 1.00 
chair 162 183 284 314 1.00 
chair 106 199 226 363 1.00 
chair 0 315 120 573 0.99 
table 305 235 574 451 0.97 
table 75 230 370 406 0.95 
chair 452 190 595 333 0.59 
chair 619 198 784 377 1.00 
chair 499 182 586 304 1.00 
chair 187 254 425 581 1.00 
chair 469 214 647 434 1.00 
chair 331 170 431 299 1.00 
chair 162 183 284 314 1.00 
chair 106 199 226 363 1.00 
chair 0 315 120 573 0.99 
table 305 235 574 451 0.97 
table 75 230 370 406 0.95 
chair 452 190 595 333 0.59 
