chair 222 278 446 533 1.00 
chair 6 272 229 525 1.00 
chair 658 177 784 346 1.00 
chair 97 143 188 219 1.00 
table 472 157 700 340 0.99 
chair 503 275 765 602 0.99 
chair 603 111 667 199 0.99 
chair 34 154 149 219 0.99 
chair 193 127 288 216 0.98 
chair 151 129 253 219 0.98 
chair 612 131 695 240 0.97 
chair 658 167 726 313 0.97 
table 58 213 703 508 0.95 
chair 629 150 710 268 0.93 
chair 121 131 219 216 0.61 
chair 222 278 446 533 1.00 
chair 6 272 229 525 1.00 
chair 658 177 784 346 1.00 
chair 97 143 188 219 1.00 
table 472 157 700 340 0.99 
chair 503 275 765 602 0.99 
chair 603 111 667 199 0.99 
chair 34 154 149 219 0.99 
chair 193 127 288 216 0.98 
chair 151 129 253 219 0.98 
chair 612 131 695 240 0.97 
chair 658 167 726 313 0.97 
table 58 213 703 508 0.95 
chair 629 150 710 268 0.93 
chair 121 131 219 216 0.61 
