chair 393 152 573 426 1.00 
sofa 577 125 705 218 1.00 
sofa 363 117 480 197 1.00 
chair 216 158 423 469 1.00 
chair 124 119 237 325 1.00 
chair 1 171 129 366 0.99 
chair 215 222 504 604 0.99 
chair 448 207 691 527 0.99 
sofa 276 110 358 216 0.95 
table 11 149 250 354 0.92 
table 256 193 669 562 0.66 
chair 393 152 573 426 1.00 
sofa 577 125 705 218 1.00 
sofa 363 117 480 197 1.00 
chair 216 158 423 469 1.00 
chair 124 119 237 325 1.00 
chair 1 171 129 366 0.99 
chair 215 222 504 604 0.99 
chair 448 207 691 527 0.99 
sofa 276 110 358 216 0.95 
table 11 149 250 354 0.92 
table 256 193 669 562 0.66 
