chair 362 152 461 275 1.00 
table 178 197 634 454 1.00 
chair 188 202 294 376 1.00 
chair 262 197 347 332 1.00 
chair 441 265 635 405 1.00 
chair 69 256 299 487 1.00 
chair 533 199 673 337 1.00 
sofa 489 179 622 290 1.00 
chair 224 199 313 353 0.83 
chair 130 219 290 427 0.70 
chair 362 152 461 275 1.00 
table 178 197 634 454 1.00 
chair 188 202 294 376 1.00 
chair 262 197 347 332 1.00 
chair 441 265 635 405 1.00 
chair 69 256 299 487 1.00 
chair 533 199 673 337 1.00 
sofa 489 179 622 290 1.00 
chair 224 199 313 353 0.83 
chair 130 219 290 427 0.70 
