bookshelf 325 5 840 226 1.00 
chair 353 210 598 524 1.00 
chair 483 145 648 360 1.00 
chair 178 147 315 263 1.00 
bookshelf 3 4 325 345 1.00 
chair 279 119 392 219 0.99 
table 66 144 608 502 0.97 
chair 410 180 613 433 0.54 
chair 277 116 398 225 1.00 
bookshelf 2 1 314 368 1.00 
chair 361 227 602 522 1.00 
chair 189 145 318 257 0.99 
bookshelf 321 0 839 236 0.99 
chair 494 148 642 364 0.98 
table 28 138 590 504 0.87 
bookshelf 325 5 840 226 1.00 
chair 353 210 598 524 1.00 
chair 483 145 648 360 1.00 
chair 178 147 315 263 1.00 
bookshelf 3 4 325 345 1.00 
chair 279 119 392 219 0.99 
table 66 144 608 502 0.97 
chair 410 180 613 433 0.54 
