chair 216 201 491 494 1.00 
chair 393 119 568 308 1.00 
chair 480 155 692 411 1.00 
bookshelf 439 4 554 158 1.00 
chair 625 112 744 208 1.00 
table 73 136 827 601 0.99 
chair 5 177 214 393 0.99 
chair 499 258 798 605 0.99 
bookshelf 343 0 459 160 0.99 
table 587 113 827 213 0.98 
bookshelf 9 3 353 262 0.97 
chair 261 95 399 253 0.93 
chair 691 83 757 195 0.82 
chair 216 201 491 494 1.00 
chair 393 119 568 308 1.00 
chair 480 155 692 411 1.00 
bookshelf 439 4 554 158 1.00 
chair 625 112 744 208 1.00 
table 73 136 827 601 0.99 
chair 5 177 214 393 0.99 
chair 499 258 798 605 0.99 
bookshelf 343 0 459 160 0.99 
table 587 113 827 213 0.98 
bookshelf 9 3 353 262 0.97 
chair 261 95 399 253 0.93 
chair 691 83 757 195 0.82 
