chair 76 205 270 460 1.00 
chair 346 171 541 409 1.00 
table 315 238 836 547 1.00 
chair 704 195 837 436 1.00 
chair 699 126 809 240 0.99 
bookshelf 219 40 441 344 0.99 
desk 527 151 773 262 0.99 
chair 564 221 693 373 0.98 
table 2 241 265 602 0.81 
chair 76 205 270 460 1.00 
chair 346 171 541 409 1.00 
table 315 238 836 547 1.00 
chair 704 195 837 436 1.00 
chair 699 126 809 240 0.99 
bookshelf 219 40 441 344 0.99 
desk 527 151 773 262 0.99 
chair 564 221 693 373 0.98 
table 2 241 265 602 0.81 
