chair 56 199 304 481 1.00 
bookshelf 594 2 833 199 1.00 
chair 540 120 763 341 0.99 
chair 373 50 458 169 0.99 
table 295 137 790 502 0.99 
chair 426 75 575 223 0.99 
chair 236 116 374 301 0.98 
chair 199 71 281 217 0.96 
table 208 75 438 230 0.93 
table 244 92 570 305 0.87 
chair 225 91 335 253 0.59 
chair 56 199 304 481 1.00 
bookshelf 594 2 833 199 1.00 
chair 540 120 763 341 0.99 
chair 373 50 458 169 0.99 
table 295 137 790 502 0.99 
chair 426 75 575 223 0.99 
chair 236 116 374 301 0.98 
chair 199 71 281 217 0.96 
table 208 75 438 230 0.93 
table 244 92 570 305 0.87 
chair 225 91 335 253 0.59 
