chair 622 214 720 280 1.00 
chair 521 208 615 333 1.00 
chair 376 233 653 593 1.00 
chair 725 217 827 278 1.00 
chair 574 273 745 360 1.00 
table 526 291 837 605 0.98 
chair 628 370 832 579 0.97 
chair 694 254 838 431 0.97 
chair 676 306 831 492 0.91 
chair 622 214 720 280 1.00 
chair 521 208 615 333 1.00 
chair 376 233 653 593 1.00 
chair 725 217 827 278 1.00 
chair 574 273 745 360 1.00 
table 526 291 837 605 0.98 
chair 628 370 832 579 0.97 
chair 694 254 838 431 0.97 
chair 676 306 831 492 0.91 
