chair 109 159 313 426 1.00 
chair 475 210 592 365 1.00 
chair 419 208 530 406 0.99 
chair 244 190 450 532 0.99 
chair 551 244 682 411 0.98 
chair 3 221 286 605 0.98 
table 434 235 650 425 0.89 
chair 657 236 746 352 0.63 
chair 166 162 378 471 0.58 
table 68 203 435 628 0.51 
chair 109 159 313 426 1.00 
chair 475 210 592 365 1.00 
chair 419 208 530 406 0.99 
chair 244 190 450 532 0.99 
chair 551 244 682 411 0.98 
chair 3 221 286 605 0.98 
table 434 235 650 425 0.89 
chair 657 236 746 352 0.63 
chair 166 162 378 471 0.58 
table 68 203 435 628 0.51 
