chair 407 147 600 358 1.00 
chair 350 103 505 257 1.00 
chair 308 78 386 195 1.00 
chair 483 54 596 176 1.00 
chair 613 92 822 275 1.00 
chair 533 214 832 581 0.99 
chair 529 74 691 223 0.99 
table 277 55 838 565 0.98 
chair 378 123 553 310 0.92 
chair 497 68 643 198 0.87 
chair 569 90 752 245 0.61 
chair 407 147 600 358 1.00 
chair 350 103 505 257 1.00 
chair 308 78 386 195 1.00 
chair 483 54 596 176 1.00 
chair 613 92 822 275 1.00 
chair 533 214 832 581 0.99 
chair 529 74 691 223 0.99 
table 277 55 838 565 0.98 
chair 378 123 553 310 0.92 
chair 497 68 643 198 0.87 
chair 569 90 752 245 0.61 
