chair 466 251 657 448 1.00 
chair 51 241 392 604 1.00 
chair 169 202 356 457 1.00 
table 117 265 672 611 1.00 
chair 617 233 703 327 1.00 
chair 499 311 753 612 1.00 
chair 689 246 827 438 0.99 
chair 396 304 684 576 0.96 
chair 320 217 430 461 0.91 
chair 466 251 657 448 1.00 
chair 51 241 392 604 1.00 
chair 169 202 356 457 1.00 
table 117 265 672 611 1.00 
chair 617 233 703 327 1.00 
chair 499 311 753 612 1.00 
chair 689 246 827 438 0.99 
chair 396 304 684 576 0.96 
chair 320 217 430 461 0.91 
