chair 88 249 354 614 1.00 
chair 355 246 505 490 1.00 
chair 579 248 661 385 1.00 
chair 335 213 411 300 1.00 
chair 497 239 587 399 0.99 
chair 0 191 110 412 0.98 
table 139 281 468 556 0.97 
chair 342 205 390 259 0.97 
chair 252 200 332 288 0.96 
table 499 280 656 401 0.91 
table 273 240 406 296 0.88 
chair 88 249 354 614 1.00 
chair 355 246 505 490 1.00 
chair 579 248 661 385 1.00 
chair 335 213 411 300 1.00 
chair 497 239 587 399 0.99 
chair 0 191 110 412 0.98 
table 139 281 468 556 0.97 
chair 342 205 390 259 0.97 
chair 252 200 332 288 0.96 
table 499 280 656 401 0.91 
table 273 240 406 296 0.88 
