chair 211 246 302 401 1.00 
chair 434 259 653 596 1.00 
chair 461 249 610 438 1.00 
chair 372 243 492 447 1.00 
chair 114 275 322 598 1.00 
chair 727 233 839 438 1.00 
table 1 297 120 450 1.00 
chair 208 294 468 610 0.99 
table 114 297 622 599 0.97 
chair 211 246 302 401 1.00 
chair 434 259 653 596 1.00 
chair 461 249 610 438 1.00 
chair 372 243 492 447 1.00 
chair 114 275 322 598 1.00 
chair 727 233 839 438 1.00 
table 1 297 120 450 1.00 
chair 208 294 468 610 0.99 
table 114 297 622 599 0.97 
