chair 184 227 474 610 1.00 
chair 279 226 425 522 1.00 
chair 378 236 443 457 1.00 
chair 501 262 638 445 1.00 
chair 600 283 732 438 0.99 
table 136 302 683 598 0.97 
chair 197 230 486 595 1.00 
chair 510 261 642 442 1.00 
chair 292 225 435 520 1.00 
chair 621 287 740 437 0.99 
chair 377 253 450 454 0.98 
table 158 299 672 605 0.93 
chair 556 269 698 444 0.55 
chair 184 227 474 610 1.00 
chair 279 226 425 522 1.00 
chair 378 236 443 457 1.00 
chair 501 262 638 445 1.00 
chair 600 283 732 438 0.99 
table 136 302 683 598 0.97 
