chair 186 235 352 490 1.00 
chair 294 312 561 607 1.00 
chair 124 155 222 323 1.00 
chair 214 169 279 286 1.00 
chair 301 195 401 288 1.00 
chair 513 263 617 429 1.00 
chair 48 153 205 368 0.98 
table 84 207 399 376 0.97 
chair 594 291 731 470 0.97 
table 521 300 683 467 0.92 
table 93 277 580 613 0.91 
chair 155 284 450 552 0.61 
chair 439 224 533 330 0.57 
chair 186 235 352 490 1.00 
chair 294 312 561 607 1.00 
chair 124 155 222 323 1.00 
chair 214 169 279 286 1.00 
chair 301 195 401 288 1.00 
chair 513 263 617 429 1.00 
chair 48 153 205 368 0.98 
table 84 207 399 376 0.97 
chair 594 291 731 470 0.97 
table 521 300 683 467 0.92 
table 93 277 580 613 0.91 
chair 155 284 450 552 0.61 
chair 439 224 533 330 0.57 
