chair 371 239 580 545 1.00 
chair 263 197 370 332 1.00 
chair 141 206 443 601 1.00 
chair 156 176 280 315 1.00 
chair 106 155 188 328 0.99 
table 574 260 807 449 0.97 
table 13 197 368 365 0.95 
chair 402 203 473 276 0.95 
chair 12 182 136 381 0.95 
chair 132 167 223 311 0.87 
table 216 280 559 596 0.63 
chair 592 247 729 405 0.57 
chair 371 239 580 545 1.00 
chair 263 197 370 332 1.00 
chair 141 206 443 601 1.00 
chair 156 176 280 315 1.00 
chair 106 155 188 328 0.99 
table 574 260 807 449 0.97 
table 13 197 368 365 0.95 
chair 402 203 473 276 0.95 
chair 12 182 136 381 0.95 
chair 132 167 223 311 0.87 
table 216 280 559 596 0.63 
chair 592 247 729 405 0.57 
