chair 346 257 504 518 1.00 
chair 679 214 755 341 1.00 
chair 612 215 686 335 1.00 
chair 508 251 627 406 1.00 
chair 271 236 389 448 0.99 
chair 24 255 204 534 0.99 
chair 544 212 620 314 0.99 
chair 414 226 473 351 0.98 
chair 128 288 364 604 0.98 
chair 769 216 836 352 0.97 
chair 285 233 377 279 0.64 
table 430 257 613 394 0.61 
chair 248 252 444 495 0.50 
chair 346 257 504 518 1.00 
chair 679 214 755 341 1.00 
chair 612 215 686 335 1.00 
chair 508 251 627 406 1.00 
chair 271 236 389 448 0.99 
chair 24 255 204 534 0.99 
chair 544 212 620 314 0.99 
chair 414 226 473 351 0.98 
chair 128 288 364 604 0.98 
chair 769 216 836 352 0.97 
chair 285 233 377 279 0.64 
table 430 257 613 394 0.61 
chair 248 252 444 495 0.50 
