chair 19 263 103 396 1.00 
chair 677 271 753 355 1.00 
chair 759 278 836 388 1.00 
chair 301 291 441 505 1.00 
chair 601 236 699 355 0.99 
chair 294 280 401 441 0.99 
chair 497 273 650 447 0.99 
table 98 297 691 601 0.99 
chair 427 269 543 431 0.99 
chair 338 245 426 355 0.99 
chair 118 312 283 489 0.99 
table 508 260 790 423 0.95 
chair 603 271 709 394 0.94 
chair 277 294 517 558 0.70 
chair 469 265 596 424 0.63 
chair 224 279 298 414 0.53 
chair 19 263 103 396 1.00 
chair 677 271 753 355 1.00 
chair 759 278 836 388 1.00 
chair 301 291 441 505 1.00 
chair 601 236 699 355 0.99 
chair 294 280 401 441 0.99 
chair 497 273 650 447 0.99 
table 98 297 691 601 0.99 
chair 427 269 543 431 0.99 
chair 338 245 426 355 0.99 
chair 118 312 283 489 0.99 
table 508 260 790 423 0.95 
chair 603 271 709 394 0.94 
chair 277 294 517 558 0.70 
chair 469 265 596 424 0.63 
chair 224 279 298 414 0.53 
