chair 613 301 700 454 1.00 
chair 417 292 486 432 1.00 
chair 226 283 316 424 1.00 
chair 134 295 273 502 1.00 
chair 145 317 333 577 0.99 
table 89 309 536 595 0.99 
chair 397 319 588 597 0.99 
chair 10 275 144 500 0.97 
chair 441 326 583 508 0.95 
chair 177 289 300 459 0.89 
chair 472 304 578 454 0.84 
chair 613 301 700 454 1.00 
chair 417 292 486 432 1.00 
chair 226 283 316 424 1.00 
chair 134 295 273 502 1.00 
chair 145 317 333 577 0.99 
table 89 309 536 595 0.99 
chair 397 319 588 597 0.99 
chair 10 275 144 500 0.97 
chair 441 326 583 508 0.95 
chair 177 289 300 459 0.89 
chair 472 304 578 454 0.84 
