chair 456 225 678 555 1.00 
chair 655 239 832 445 1.00 
chair 166 144 236 212 1.00 
chair 651 286 832 607 1.00 
chair 249 154 319 257 1.00 
chair 311 150 355 204 0.99 
chair 229 177 366 384 0.99 
chair 556 158 648 282 0.99 
chair 134 201 312 417 0.98 
chair 135 156 208 298 0.98 
chair 643 171 752 292 0.98 
chair 469 151 518 232 0.98 
chair 428 158 487 226 0.97 
table 522 244 823 543 0.97 
chair 52 172 180 351 0.96 
chair 0 181 57 310 0.96 
chair 416 169 497 307 0.95 
chair 660 202 807 372 0.90 
chair 617 191 713 296 0.90 
chair 738 186 799 309 0.89 
table 216 149 292 212 0.88 
table 6 408 564 604 0.87 
chair 492 207 650 358 0.81 
table 0 175 138 325 0.79 
chair 99 162 191 321 0.72 
chair 215 138 264 204 0.69 
chair 444 174 528 306 0.56 
table 397 176 466 298 0.54 
chair 481 178 568 319 0.51 
chair 453 157 501 232 0.50 
chair 456 225 678 555 1.00 
chair 655 239 832 445 1.00 
chair 166 144 236 212 1.00 
chair 651 286 832 607 1.00 
chair 249 154 319 257 1.00 
chair 311 150 355 204 0.99 
chair 229 177 366 384 0.99 
chair 556 158 648 282 0.99 
chair 134 201 312 417 0.98 
chair 135 156 208 298 0.98 
chair 643 171 752 292 0.98 
chair 469 151 518 232 0.98 
chair 428 158 487 226 0.97 
table 522 244 823 543 0.97 
chair 52 172 180 351 0.96 
chair 0 181 57 310 0.96 
chair 416 169 497 307 0.95 
chair 660 202 807 372 0.90 
chair 617 191 713 296 0.90 
chair 738 186 799 309 0.89 
table 216 149 292 212 0.88 
table 6 408 564 604 0.87 
chair 492 207 650 358 0.81 
table 0 175 138 325 0.79 
chair 99 162 191 321 0.72 
chair 215 138 264 204 0.69 
chair 444 174 528 306 0.56 
table 397 176 466 298 0.54 
chair 481 178 568 319 0.51 
chair 453 157 501 232 0.50 
