chair 296 210 467 485 1.00 
night_stand 665 261 794 371 1.00 
table 167 246 389 446 0.99 
table 398 245 638 462 0.99 
night_stand 119 180 187 226 0.99 
chair 140 174 262 328 0.98 
bed 426 172 635 253 0.96 
table 68 245 294 416 0.94 
table 244 232 596 453 0.83 
chair 296 210 467 485 1.00 
night_stand 665 261 794 371 1.00 
table 167 246 389 446 0.99 
table 398 245 638 462 0.99 
night_stand 119 180 187 226 0.99 
chair 140 174 262 328 0.98 
bed 426 172 635 253 0.96 
table 68 245 294 416 0.94 
table 244 232 596 453 0.83 
