chair 426 240 814 606 1.00 
chair 218 237 514 603 1.00 
chair 428 164 682 366 1.00 
chair 458 84 520 181 0.99 
chair 51 101 115 208 0.99 
desk 516 2 713 192 0.98 
table 200 152 745 601 0.98 
desk 279 10 460 189 0.98 
chair 694 78 839 273 0.98 
desk 91 19 293 221 0.92 
chair 237 170 439 257 0.90 
chair 219 175 461 321 0.61 
chair 426 240 814 606 1.00 
chair 218 237 514 603 1.00 
chair 428 164 682 366 1.00 
chair 458 84 520 181 0.99 
chair 51 101 115 208 0.99 
desk 516 2 713 192 0.98 
table 200 152 745 601 0.98 
desk 279 10 460 189 0.98 
chair 694 78 839 273 0.98 
desk 91 19 293 221 0.92 
chair 237 170 439 257 0.90 
chair 219 175 461 321 0.61 
