chair 293 92 475 273 1.00 
chair 490 39 641 205 1.00 
chair 2 211 318 545 1.00 
chair 1 232 135 520 1.00 
chair 443 206 763 610 0.99 
table 0 118 834 564 0.99 
chair 146 99 358 280 0.99 
chair 199 211 479 575 0.98 
sofa 412 14 592 111 0.98 
chair 28 102 245 277 0.97 
bookshelf 81 0 358 111 0.95 
table 640 22 773 107 0.94 
sofa 774 7 818 89 0.75 
chair 0 150 62 328 0.53 
chair 293 92 475 273 1.00 
chair 490 39 641 205 1.00 
chair 2 211 318 545 1.00 
chair 1 232 135 520 1.00 
chair 443 206 763 610 0.99 
table 0 118 834 564 0.99 
chair 146 99 358 280 0.99 
chair 199 211 479 575 0.98 
sofa 412 14 592 111 0.98 
chair 28 102 245 277 0.97 
bookshelf 81 0 358 111 0.95 
table 640 22 773 107 0.94 
sofa 774 7 818 89 0.75 
chair 0 150 62 328 0.53 
