chair 234 127 353 189 1.00 
chair 377 80 436 118 1.00 
chair 450 82 509 156 1.00 
chair 547 110 709 316 1.00 
chair 387 245 680 602 1.00 
chair 343 116 456 205 1.00 
chair 489 115 599 210 1.00 
chair 313 89 374 158 0.99 
chair 641 95 776 204 0.98 
chair 217 220 458 541 0.98 
table 111 169 812 499 0.97 
chair 90 94 148 154 0.96 
chair 35 186 188 379 0.93 
chair 125 197 316 450 0.90 
table 730 106 815 218 0.85 
chair 502 117 658 241 0.52 
chair 234 127 353 189 1.00 
chair 377 80 436 118 1.00 
chair 450 82 509 156 1.00 
chair 547 110 709 316 1.00 
chair 387 245 680 602 1.00 
chair 343 116 456 205 1.00 
chair 489 115 599 210 1.00 
chair 313 89 374 158 0.99 
chair 641 95 776 204 0.98 
chair 217 220 458 541 0.98 
table 111 169 812 499 0.97 
chair 90 94 148 154 0.96 
chair 35 186 188 379 0.93 
chair 125 197 316 450 0.90 
table 730 106 815 218 0.85 
chair 502 117 658 241 0.52 
