chair 105 48 192 174 1.00 
chair 16 59 99 135 1.00 
chair 141 229 474 607 1.00 
chair 202 29 314 137 1.00 
table 0 104 839 597 1.00 
chair 273 33 373 120 0.99 
chair 176 139 368 223 0.99 
chair 43 82 171 195 0.99 
chair 568 176 822 475 0.99 
chair 360 48 454 133 0.99 
chair 376 193 682 546 0.98 
chair 628 101 830 345 0.98 
chair 681 29 779 122 0.98 
chair 438 94 636 275 0.97 
chair 167 66 285 157 0.97 
chair 1 111 62 246 0.96 
chair 638 31 741 124 0.95 
chair 603 33 697 117 0.94 
chair 5 174 206 540 0.92 
chair 519 31 596 109 0.89 
table 12 39 497 248 0.89 
table 511 3 798 112 0.88 
chair 373 115 600 302 0.80 
chair 309 122 489 205 0.80 
table 0 47 307 172 0.63 
table 31 35 223 136 0.62 
chair 158 142 396 289 0.60 
chair 569 13 722 112 0.55 
chair 2 65 72 203 0.50 
chair 105 48 192 174 1.00 
chair 16 59 99 135 1.00 
chair 141 229 474 607 1.00 
chair 202 29 314 137 1.00 
table 0 104 839 597 1.00 
chair 273 33 373 120 0.99 
chair 176 139 368 223 0.99 
chair 43 82 171 195 0.99 
chair 568 176 822 475 0.99 
chair 360 48 454 133 0.99 
chair 376 193 682 546 0.98 
chair 628 101 830 345 0.98 
chair 681 29 779 122 0.98 
chair 438 94 636 275 0.97 
chair 167 66 285 157 0.97 
chair 1 111 62 246 0.96 
chair 638 31 741 124 0.95 
chair 603 33 697 117 0.94 
chair 5 174 206 540 0.92 
chair 519 31 596 109 0.89 
table 12 39 497 248 0.89 
table 511 3 798 112 0.88 
chair 373 115 600 302 0.80 
chair 309 122 489 205 0.80 
table 0 47 307 172 0.63 
table 31 35 223 136 0.62 
chair 158 142 396 289 0.60 
chair 569 13 722 112 0.55 
chair 2 65 72 203 0.50 
