chair 604 57 718 174 1.00 
chair 410 52 520 178 1.00 
chair 91 66 209 192 1.00 
chair 418 162 656 490 1.00 
chair 193 55 278 136 1.00 
chair 276 43 332 111 1.00 
chair 148 26 230 116 1.00 
chair 290 88 460 257 0.99 
chair 502 127 695 356 0.99 
chair 294 29 336 99 0.99 
chair 140 185 447 547 0.99 
chair 74 37 145 162 0.99 
chair 608 104 748 296 0.99 
chair 18 64 131 196 0.99 
table 77 90 713 527 0.99 
chair 167 107 392 307 0.98 
chair 3 97 125 261 0.97 
table 13 45 319 212 0.93 
chair 375 69 512 212 0.89 
chair 130 158 324 401 0.62 
chair 604 57 718 174 1.00 
chair 410 52 520 178 1.00 
chair 91 66 209 192 1.00 
chair 418 162 656 490 1.00 
chair 193 55 278 136 1.00 
chair 276 43 332 111 1.00 
chair 148 26 230 116 1.00 
chair 290 88 460 257 0.99 
chair 502 127 695 356 0.99 
chair 294 29 336 99 0.99 
chair 140 185 447 547 0.99 
chair 74 37 145 162 0.99 
chair 608 104 748 296 0.99 
chair 18 64 131 196 0.99 
table 77 90 713 527 0.99 
chair 167 107 392 307 0.98 
chair 3 97 125 261 0.97 
table 13 45 319 212 0.93 
chair 375 69 512 212 0.89 
chair 130 158 324 401 0.62 
