chair 334 116 533 344 1.00 
chair 315 223 655 607 1.00 
chair 309 55 418 159 1.00 
chair 45 169 325 544 1.00 
table 70 147 795 569 1.00 
chair 548 139 832 481 1.00 
chair 452 3 523 115 0.99 
chair 76 27 144 134 0.99 
chair 18 47 108 168 0.99 
chair 253 23 323 153 0.98 
chair 425 5 485 76 0.96 
chair 264 3 327 91 0.95 
chair 0 55 82 196 0.92 
chair 424 27 508 126 0.89 
table 248 27 501 155 0.87 
chair 334 116 533 344 1.00 
chair 315 223 655 607 1.00 
chair 309 55 418 159 1.00 
chair 45 169 325 544 1.00 
table 70 147 795 569 1.00 
chair 548 139 832 481 1.00 
chair 452 3 523 115 0.99 
chair 76 27 144 134 0.99 
chair 18 47 108 168 0.99 
chair 253 23 323 153 0.98 
chair 425 5 485 76 0.96 
chair 264 3 327 91 0.95 
chair 0 55 82 196 0.92 
chair 424 27 508 126 0.89 
table 248 27 501 155 0.87 
