chair 199 84 316 208 1.00 
chair 500 108 692 324 1.00 
chair 237 179 462 468 1.00 
chair 188 153 339 385 1.00 
chair 147 128 267 302 1.00 
chair 414 86 569 251 1.00 
chair 385 182 690 553 1.00 
chair 336 77 473 212 1.00 
table 196 93 768 514 1.00 
chair 171 105 298 262 0.73 
chair 449 93 624 281 0.62 
chair 199 84 316 208 1.00 
chair 500 108 692 324 1.00 
chair 237 179 462 468 1.00 
chair 188 153 339 385 1.00 
chair 147 128 267 302 1.00 
chair 414 86 569 251 1.00 
chair 385 182 690 553 1.00 
chair 336 77 473 212 1.00 
table 196 93 768 514 1.00 
chair 171 105 298 262 0.73 
chair 449 93 624 281 0.62 
