chair 385 204 674 564 1.00 
chair 113 105 182 173 1.00 
table 121 124 787 585 1.00 
chair 123 226 431 599 1.00 
chair 236 94 337 177 0.99 
chair 317 128 513 319 0.99 
chair 486 112 673 282 0.99 
chair 476 60 560 134 0.99 
chair 685 101 802 261 0.99 
chair 382 57 470 140 0.99 
chair 441 64 521 138 0.99 
chair 302 85 406 150 0.99 
chair 528 176 750 453 0.98 
chair 7 128 144 282 0.98 
chair 656 55 764 166 0.97 
chair 523 54 600 121 0.97 
chair 601 81 726 210 0.97 
table 600 53 838 267 0.94 
chair 120 125 250 218 0.93 
table 367 52 581 144 0.91 
chair 211 113 317 183 0.88 
table 9 96 365 290 0.87 
chair 343 71 443 143 0.74 
chair 217 145 411 271 0.66 
chair 268 90 376 171 0.59 
chair 511 139 711 338 0.54 
chair 82 118 300 237 0.53 
chair 181 127 297 219 0.53 
chair 385 204 674 564 1.00 
chair 113 105 182 173 1.00 
table 121 124 787 585 1.00 
chair 123 226 431 599 1.00 
chair 236 94 337 177 0.99 
chair 317 128 513 319 0.99 
chair 486 112 673 282 0.99 
chair 476 60 560 134 0.99 
chair 685 101 802 261 0.99 
chair 382 57 470 140 0.99 
chair 441 64 521 138 0.99 
chair 302 85 406 150 0.99 
chair 528 176 750 453 0.98 
chair 7 128 144 282 0.98 
chair 656 55 764 166 0.97 
chair 523 54 600 121 0.97 
chair 601 81 726 210 0.97 
table 600 53 838 267 0.94 
chair 120 125 250 218 0.93 
table 367 52 581 144 0.91 
chair 211 113 317 183 0.88 
table 9 96 365 290 0.87 
chair 343 71 443 143 0.74 
chair 217 145 411 271 0.66 
chair 268 90 376 171 0.59 
chair 511 139 711 338 0.54 
chair 82 118 300 237 0.53 
chair 181 127 297 219 0.53 
