chair 417 262 705 591 1.00 
chair 189 308 506 606 1.00 
chair 61 157 184 263 1.00 
chair 457 146 620 314 0.99 
chair 723 74 793 155 0.99 
chair 27 130 132 226 0.99 
table 40 163 848 606 0.99 
chair 11 202 77 269 0.99 
chair 518 93 591 160 0.99 
chair 282 98 375 180 0.99 
chair 179 147 280 222 0.99 
chair 272 129 376 205 0.99 
chair 585 247 822 546 0.98 
chair 215 105 314 197 0.98 
chair 115 122 197 208 0.98 
chair 334 164 517 361 0.98 
chair 638 150 834 341 0.98 
table 15 110 487 311 0.98 
chair 598 91 689 168 0.97 
chair 255 100 334 185 0.97 
chair 371 96 454 194 0.97 
chair 659 83 734 167 0.97 
chair 18 281 239 604 0.96 
chair 187 194 381 287 0.96 
chair 193 90 268 167 0.96 
chair 687 78 762 163 0.95 
chair 141 98 218 170 0.89 
chair 69 105 154 180 0.87 
chair 97 138 187 232 0.87 
chair 571 99 652 166 0.80 
chair 51 120 141 200 0.80 
chair 24 151 280 264 0.70 
chair 85 120 172 204 0.61 
table 7 115 262 230 0.59 
chair 546 90 618 155 0.52 
chair 60 255 350 591 0.51 
chair 353 126 443 188 0.51 
chair 417 262 705 591 1.00 
chair 189 308 506 606 1.00 
chair 61 157 184 263 1.00 
chair 457 146 620 314 0.99 
chair 723 74 793 155 0.99 
chair 27 130 132 226 0.99 
table 40 163 848 606 0.99 
chair 11 202 77 269 0.99 
chair 518 93 591 160 0.99 
chair 282 98 375 180 0.99 
chair 179 147 280 222 0.99 
chair 272 129 376 205 0.99 
chair 585 247 822 546 0.98 
chair 215 105 314 197 0.98 
chair 115 122 197 208 0.98 
chair 334 164 517 361 0.98 
chair 638 150 834 341 0.98 
table 15 110 487 311 0.98 
chair 598 91 689 168 0.97 
chair 255 100 334 185 0.97 
chair 371 96 454 194 0.97 
chair 659 83 734 167 0.97 
chair 18 281 239 604 0.96 
chair 187 194 381 287 0.96 
chair 193 90 268 167 0.96 
chair 687 78 762 163 0.95 
chair 141 98 218 170 0.89 
chair 69 105 154 180 0.87 
chair 97 138 187 232 0.87 
chair 571 99 652 166 0.80 
chair 51 120 141 200 0.80 
chair 24 151 280 264 0.70 
chair 85 120 172 204 0.61 
table 7 115 262 230 0.59 
chair 546 90 618 155 0.52 
chair 60 255 350 591 0.51 
chair 353 126 443 188 0.51 
