chair 706 79 794 162 1.00 
chair 360 247 629 599 1.00 
chair 658 78 740 159 1.00 
chair 171 116 288 240 1.00 
chair 377 137 542 308 1.00 
chair 190 202 420 497 1.00 
table 130 116 731 561 1.00 
chair 287 117 424 248 1.00 
chair 472 173 641 365 0.99 
chair 145 173 301 375 0.99 
chair 113 149 251 325 0.99 
chair 144 129 262 273 0.96 
chair 326 125 488 286 0.78 
chair 706 79 794 162 1.00 
chair 360 247 629 599 1.00 
chair 658 78 740 159 1.00 
chair 171 116 288 240 1.00 
chair 377 137 542 308 1.00 
chair 190 202 420 497 1.00 
table 130 116 731 561 1.00 
chair 287 117 424 248 1.00 
chair 472 173 641 365 0.99 
chair 145 173 301 375 0.99 
chair 113 149 251 325 0.99 
chair 144 129 262 273 0.96 
chair 326 125 488 286 0.78 
