chair 748 34 832 108 1.00 
chair 456 1 574 71 1.00 
chair 569 2 693 103 1.00 
chair 420 55 663 289 1.00 
chair 267 52 506 265 1.00 
chair 381 1 466 65 1.00 
table 6 75 825 600 0.99 
chair 0 131 120 385 0.99 
chair 153 38 386 256 0.99 
chair 328 239 679 608 0.99 
chair 10 60 236 238 0.98 
chair 110 191 424 561 0.98 
chair 11 173 246 456 0.98 
chair 608 162 839 592 0.90 
chair 748 34 832 108 1.00 
chair 456 1 574 71 1.00 
chair 569 2 693 103 1.00 
chair 420 55 663 289 1.00 
chair 267 52 506 265 1.00 
chair 381 1 466 65 1.00 
table 6 75 825 600 0.99 
chair 0 131 120 385 0.99 
chair 153 38 386 256 0.99 
chair 328 239 679 608 0.99 
chair 10 60 236 238 0.98 
chair 110 191 424 561 0.98 
chair 11 173 246 456 0.98 
chair 608 162 839 592 0.90 
