chair 343 186 484 328 1.00 
chair 311 163 416 277 1.00 
chair 209 142 303 233 0.99 
chair 526 207 630 417 0.99 
chair 165 125 247 213 0.99 
chair 140 121 211 191 0.99 
desk 127 164 233 299 0.98 
chair 0 392 178 510 0.95 
desk 0 392 326 607 0.93 
desk 245 203 425 419 0.93 
chair 0 229 140 404 0.92 
chair 191 135 279 216 0.92 
desk 185 191 337 354 0.91 
desk 333 239 569 515 0.90 
desk 162 183 245 318 0.64 
chair 0 213 64 375 0.57 
chair 3 298 161 464 0.54 
chair 343 186 484 328 1.00 
chair 311 163 416 277 1.00 
chair 209 142 303 233 0.99 
chair 526 207 630 417 0.99 
chair 165 125 247 213 0.99 
chair 140 121 211 191 0.99 
desk 127 164 233 299 0.98 
chair 0 392 178 510 0.95 
desk 0 392 326 607 0.93 
desk 245 203 425 419 0.93 
chair 0 229 140 404 0.92 
chair 191 135 279 216 0.92 
desk 185 191 337 354 0.91 
desk 333 239 569 515 0.90 
desk 162 183 245 318 0.64 
chair 0 213 64 375 0.57 
chair 3 298 161 464 0.54 
