chair 568 205 722 353 1.00 
chair 670 187 814 331 1.00 
chair 95 203 357 539 0.99 
chair 399 87 494 153 0.99 
chair 90 76 224 169 0.97 
table 259 69 471 152 0.97 
chair 375 252 583 443 0.97 
table 503 144 668 358 0.93 
table 240 70 380 160 0.92 
table 232 150 507 420 0.90 
chair 644 81 750 176 0.88 
chair 554 78 687 185 0.83 
table 534 65 721 152 0.81 
table 451 68 589 148 0.80 
table 363 66 515 157 0.80 
table 333 335 822 608 0.79 
table 760 184 837 285 0.78 
table 327 171 561 411 0.78 
table 621 137 819 310 0.76 
table 598 76 719 174 0.71 
table 523 68 639 142 0.69 
table 190 69 328 159 0.67 
chair 503 84 593 146 0.61 
chair 568 205 722 353 1.00 
chair 670 187 814 331 1.00 
chair 95 203 357 539 0.99 
chair 399 87 494 153 0.99 
chair 90 76 224 169 0.97 
table 259 69 471 152 0.97 
chair 375 252 583 443 0.97 
table 503 144 668 358 0.93 
table 240 70 380 160 0.92 
table 232 150 507 420 0.90 
chair 644 81 750 176 0.88 
chair 554 78 687 185 0.83 
table 534 65 721 152 0.81 
table 451 68 589 148 0.80 
table 363 66 515 157 0.80 
table 333 335 822 608 0.79 
table 760 184 837 285 0.78 
table 327 171 561 411 0.78 
table 621 137 819 310 0.76 
table 598 76 719 174 0.71 
table 523 68 639 142 0.69 
table 190 69 328 159 0.67 
chair 503 84 593 146 0.61 
