chair 486 209 604 363 0.99 
chair 560 181 650 300 0.99 
chair 387 234 549 438 0.98 
chair 217 271 429 538 0.98 
chair 772 149 835 268 0.98 
chair 678 143 765 230 0.97 
desk 650 164 770 260 0.96 
desk 602 350 844 608 0.95 
desk 723 257 828 365 0.93 
chair 690 345 832 559 0.86 
chair 757 248 836 419 0.85 
chair 766 216 836 359 0.63 
chair 486 209 604 363 0.99 
chair 560 181 650 300 0.99 
chair 387 234 549 438 0.98 
chair 217 271 429 538 0.98 
chair 772 149 835 268 0.98 
chair 678 143 765 230 0.97 
desk 650 164 770 260 0.96 
desk 602 350 844 608 0.95 
desk 723 257 828 365 0.93 
chair 690 345 832 559 0.86 
chair 757 248 836 419 0.85 
chair 766 216 836 359 0.63 
