chair 282 116 394 244 1.00 
chair 94 269 353 604 0.98 
desk 498 351 834 599 0.95 
chair 638 167 786 339 0.95 
desk 528 155 711 369 0.93 
chair 440 205 639 423 0.90 
desk 298 187 569 453 0.89 
desk 197 441 729 606 0.88 
desk 331 124 646 229 0.84 
chair 593 187 745 367 0.56 
chair 282 116 394 244 1.00 
chair 94 269 353 604 0.98 
desk 498 351 834 599 0.95 
chair 638 167 786 339 0.95 
desk 528 155 711 369 0.93 
chair 440 205 639 423 0.90 
desk 298 187 569 453 0.89 
desk 197 441 729 606 0.88 
desk 331 124 646 229 0.84 
chair 593 187 745 367 0.56 
