chair 78 79 147 133 1.00 
chair 362 145 460 241 1.00 
chair 352 85 424 189 1.00 
chair 669 182 831 346 0.99 
chair 582 113 685 213 0.99 
desk 236 237 475 591 0.97 
desk 193 70 329 200 0.96 
chair 611 149 762 267 0.95 
desk 650 242 836 577 0.94 
desk 517 124 634 260 0.94 
chair 459 201 535 381 0.93 
desk 283 159 422 253 0.93 
chair 428 129 491 204 0.90 
desk 565 173 800 410 0.86 
chair 418 245 517 535 0.79 
desk 155 97 306 256 0.76 
desk 542 148 706 333 0.74 
chair 602 134 722 231 0.59 
chair 362 105 444 217 0.54 
chair 78 79 147 133 1.00 
chair 362 145 460 241 1.00 
chair 352 85 424 189 1.00 
chair 669 182 831 346 0.99 
chair 582 113 685 213 0.99 
desk 236 237 475 591 0.97 
desk 193 70 329 200 0.96 
chair 611 149 762 267 0.95 
desk 650 242 836 577 0.94 
desk 517 124 634 260 0.94 
chair 459 201 535 381 0.93 
desk 283 159 422 253 0.93 
chair 428 129 491 204 0.90 
desk 565 173 800 410 0.86 
chair 418 245 517 535 0.79 
desk 155 97 306 256 0.76 
desk 542 148 706 333 0.74 
chair 602 134 722 231 0.59 
chair 362 105 444 217 0.54 
