chair 737 140 835 291 1.00 
chair 198 143 297 266 0.99 
chair 0 301 190 511 0.96 
chair 463 280 751 602 0.96 
chair 357 215 536 471 0.96 
chair 4 190 91 386 0.95 
chair 281 165 431 390 0.94 
desk 36 113 154 200 0.94 
chair 216 152 326 303 0.89 
chair 7 187 131 496 0.79 
desk 16 440 420 609 0.78 
desk 253 131 466 325 0.78 
desk 408 126 732 296 0.77 
chair 2 113 62 276 0.75 
desk 308 169 509 429 0.71 
desk 365 172 658 523 0.71 
desk 7 318 300 561 0.70 
chair 737 140 835 291 1.00 
chair 198 143 297 266 0.99 
chair 0 301 190 511 0.96 
chair 463 280 751 602 0.96 
chair 357 215 536 471 0.96 
chair 4 190 91 386 0.95 
chair 281 165 431 390 0.94 
desk 36 113 154 200 0.94 
chair 216 152 326 303 0.89 
chair 7 187 131 496 0.79 
desk 16 440 420 609 0.78 
desk 253 131 466 325 0.78 
desk 408 126 732 296 0.77 
chair 2 113 62 276 0.75 
desk 308 169 509 429 0.71 
desk 365 172 658 523 0.71 
desk 7 318 300 561 0.70 
