chair 211 238 411 510 0.99 
chair 474 151 625 313 0.99 
chair 563 432 838 607 0.98 
chair 109 130 186 244 0.98 
table 628 151 790 246 0.98 
desk 188 175 707 579 0.94 
chair 694 210 838 310 0.93 
chair 638 170 727 234 0.88 
table 39 127 250 240 0.82 
table 8 138 69 243 0.72 
chair 211 238 411 510 0.99 
chair 474 151 625 313 0.99 
chair 563 432 838 607 0.98 
chair 109 130 186 244 0.98 
table 628 151 790 246 0.98 
desk 188 175 707 579 0.94 
chair 694 210 838 310 0.93 
chair 638 170 727 234 0.88 
table 39 127 250 240 0.82 
table 8 138 69 243 0.72 
