chair 3 99 87 221 0.99 
chair 409 194 625 451 0.97 
chair 18 116 124 241 0.96 
desk 204 211 434 442 0.96 
chair 259 168 457 359 0.96 
chair 152 143 336 309 0.96 
chair 606 257 822 516 0.95 
chair 3 345 383 608 0.90 
chair 220 159 396 330 0.90 
chair 78 128 246 278 0.89 
desk 537 289 834 599 0.84 
desk 349 246 611 529 0.82 
chair 26 136 185 275 0.80 
chair 0 90 49 231 0.75 
chair 1 245 122 458 0.66 
desk 101 180 366 380 0.65 
chair 452 227 729 481 0.54 
chair 0 290 130 570 0.51 
chair 3 99 87 221 0.99 
chair 409 194 625 451 0.97 
chair 18 116 124 241 0.96 
desk 204 211 434 442 0.96 
chair 259 168 457 359 0.96 
chair 152 143 336 309 0.96 
chair 606 257 822 516 0.95 
chair 3 345 383 608 0.90 
chair 220 159 396 330 0.90 
chair 78 128 246 278 0.89 
desk 537 289 834 599 0.84 
desk 349 246 611 529 0.82 
chair 26 136 185 275 0.80 
chair 0 90 49 231 0.75 
chair 1 245 122 458 0.66 
desk 101 180 366 380 0.65 
chair 452 227 729 481 0.54 
chair 0 290 130 570 0.51 
