chair 292 91 381 202 0.99 
chair 108 126 166 241 0.99 
desk 421 82 594 224 0.98 
chair 137 136 251 262 0.97 
chair 750 105 835 220 0.97 
chair 434 130 553 215 0.96 
desk 501 120 745 250 0.96 
chair 526 164 678 255 0.92 
desk 351 93 488 191 0.92 
chair 187 154 300 341 0.90 
chair 3 170 69 355 0.90 
chair 504 273 805 606 0.90 
chair 10 453 322 607 0.89 
chair 347 217 569 505 0.87 
desk 653 166 833 305 0.87 
chair 348 115 447 185 0.86 
chair 0 278 177 608 0.86 
desk 26 393 505 607 0.85 
desk 258 164 449 400 0.82 
chair 1 223 150 492 0.77 
chair 1 133 41 305 0.75 
desk 308 92 430 192 0.74 
desk 179 125 353 306 0.71 
desk 63 97 143 179 0.69 
desk 381 92 549 201 0.68 
desk 16 288 275 536 0.60 
desk 460 94 668 241 0.53 
desk 576 143 775 271 0.53 
desk 161 122 305 256 0.52 
chair 292 91 381 202 0.99 
chair 108 126 166 241 0.99 
desk 421 82 594 224 0.98 
chair 137 136 251 262 0.97 
chair 750 105 835 220 0.97 
chair 434 130 553 215 0.96 
desk 501 120 745 250 0.96 
chair 526 164 678 255 0.92 
desk 351 93 488 191 0.92 
chair 187 154 300 341 0.90 
chair 3 170 69 355 0.90 
chair 504 273 805 606 0.90 
chair 10 453 322 607 0.89 
chair 347 217 569 505 0.87 
desk 653 166 833 305 0.87 
chair 348 115 447 185 0.86 
chair 0 278 177 608 0.86 
desk 26 393 505 607 0.85 
desk 258 164 449 400 0.82 
chair 1 223 150 492 0.77 
chair 1 133 41 305 0.75 
desk 308 92 430 192 0.74 
desk 179 125 353 306 0.71 
desk 63 97 143 179 0.69 
desk 381 92 549 201 0.68 
desk 16 288 275 536 0.60 
desk 460 94 668 241 0.53 
desk 576 143 775 271 0.53 
desk 161 122 305 256 0.52 
