desk 796 237 833 342 1.00 
chair 248 251 529 584 1.00 
chair 682 86 809 199 0.99 
chair 357 179 555 350 0.99 
chair 502 165 681 255 0.98 
desk 666 120 831 260 0.97 
desk 584 159 735 364 0.97 
desk 502 193 724 460 0.93 
desk 359 247 670 603 0.81 
desk 608 147 768 290 0.64 
desk 796 237 833 342 1.00 
chair 248 251 529 584 1.00 
chair 682 86 809 199 0.99 
chair 357 179 555 350 0.99 
chair 502 165 681 255 0.98 
desk 666 120 831 260 0.97 
desk 584 159 735 364 0.97 
desk 502 193 724 460 0.93 
desk 359 247 670 603 0.81 
desk 608 147 768 290 0.64 
