chair 289 382 634 602 0.96 
desk 399 358 764 609 0.93 
desk 716 209 835 457 0.92 
chair 355 261 607 407 0.91 
chair 690 128 816 255 0.89 
chair 752 200 839 364 0.88 
chair 519 92 592 170 0.87 
chair 421 177 576 344 0.86 
chair 625 90 703 180 0.79 
desk 467 154 600 268 0.78 
chair 440 142 551 253 0.74 
desk 443 247 682 390 0.70 
desk 685 171 830 376 0.58 
desk 652 142 844 291 0.58 
chair 289 382 634 602 0.96 
desk 399 358 764 609 0.93 
desk 716 209 835 457 0.92 
chair 355 261 607 407 0.91 
chair 690 128 816 255 0.89 
chair 752 200 839 364 0.88 
chair 519 92 592 170 0.87 
chair 421 177 576 344 0.86 
chair 625 90 703 180 0.79 
desk 467 154 600 268 0.78 
chair 440 142 551 253 0.74 
desk 443 247 682 390 0.70 
desk 685 171 830 376 0.58 
desk 652 142 844 291 0.58 
