chair 569 236 689 367 0.99 
chair 271 191 361 274 0.97 
chair 118 226 216 334 0.96 
chair 663 202 772 334 0.96 
chair 320 206 419 307 0.95 
chair 635 156 700 225 0.94 
chair 64 255 199 389 0.94 
chair 172 230 297 350 0.91 
chair 216 208 302 293 0.91 
chair 363 241 519 392 0.90 
desk 478 225 619 361 0.88 
chair 519 302 671 469 0.87 
chair 325 384 531 587 0.85 
chair 236 279 442 481 0.82 
desk 534 176 601 222 0.81 
desk 238 234 396 369 0.79 
chair 61 341 321 598 0.78 
desk 378 250 565 447 0.75 
chair 371 193 457 264 0.75 
desk 133 275 276 363 0.74 
chair 12 257 143 389 0.71 
desk 542 355 821 570 0.70 
chair 349 203 450 298 0.69 
desk 386 197 507 298 0.68 
chair 0 425 140 610 0.64 
desk 0 319 143 448 0.60 
chair 25 289 180 409 0.58 
desk 593 179 691 259 0.56 
desk 148 299 459 566 0.54 
chair 49 338 280 470 0.53 
chair 550 161 613 226 0.51 
chair 569 236 689 367 0.99 
chair 271 191 361 274 0.97 
chair 118 226 216 334 0.96 
chair 663 202 772 334 0.96 
chair 320 206 419 307 0.95 
chair 635 156 700 225 0.94 
chair 64 255 199 389 0.94 
chair 172 230 297 350 0.91 
chair 216 208 302 293 0.91 
chair 363 241 519 392 0.90 
desk 478 225 619 361 0.88 
chair 519 302 671 469 0.87 
chair 325 384 531 587 0.85 
chair 236 279 442 481 0.82 
desk 534 176 601 222 0.81 
desk 238 234 396 369 0.79 
chair 61 341 321 598 0.78 
desk 378 250 565 447 0.75 
chair 371 193 457 264 0.75 
desk 133 275 276 363 0.74 
chair 12 257 143 389 0.71 
desk 542 355 821 570 0.70 
chair 349 203 450 298 0.69 
desk 386 197 507 298 0.68 
chair 0 425 140 610 0.64 
desk 0 319 143 448 0.60 
chair 25 289 180 409 0.58 
desk 593 179 691 259 0.56 
desk 148 299 459 566 0.54 
chair 49 338 280 470 0.53 
chair 550 161 613 226 0.51 
