chair 118 204 231 306 0.99 
chair 256 221 321 337 0.99 
desk 170 227 321 341 0.97 
chair 0 285 71 427 0.96 
chair 1 410 123 603 0.95 
desk 1 332 407 606 0.94 
chair 36 201 144 313 0.93 
desk 0 284 121 382 0.87 
chair 23 305 251 510 0.79 
desk 81 225 180 317 0.79 
desk 12 234 127 339 0.66 
chair 118 204 231 306 0.99 
chair 256 221 321 337 0.99 
desk 170 227 321 341 0.97 
chair 0 285 71 427 0.96 
chair 1 410 123 603 0.95 
desk 1 332 407 606 0.94 
chair 36 201 144 313 0.93 
desk 0 284 121 382 0.87 
chair 23 305 251 510 0.79 
desk 81 225 180 317 0.79 
desk 12 234 127 339 0.66 
