chair 200 168 290 273 1.00 
chair 473 219 574 337 1.00 
chair 283 182 394 306 1.00 
chair 153 164 240 243 0.99 
chair 394 207 478 294 0.99 
desk 5 273 344 555 0.99 
desk 105 170 278 299 0.98 
chair 0 140 49 260 0.97 
desk 202 199 432 370 0.94 
chair 373 288 532 515 0.92 
chair 200 168 290 273 1.00 
chair 473 219 574 337 1.00 
chair 283 182 394 306 1.00 
chair 153 164 240 243 0.99 
chair 394 207 478 294 0.99 
desk 5 273 344 555 0.99 
desk 105 170 278 299 0.98 
chair 0 140 49 260 0.97 
desk 202 199 432 370 0.94 
chair 373 288 532 515 0.92 
