chair 338 138 468 259 0.99 
chair 707 170 815 253 0.99 
chair 603 167 732 279 0.99 
chair 461 182 636 351 0.99 
chair 489 128 582 217 0.96 
chair 632 248 815 498 0.96 
chair 414 125 498 198 0.95 
chair 580 140 667 206 0.93 
chair 677 206 831 313 0.92 
chair 766 234 837 367 0.89 
desk 181 131 554 587 0.85 
desk 516 262 782 589 0.82 
chair 525 126 622 201 0.82 
chair 761 190 838 328 0.81 
desk 596 195 840 412 0.70 
desk 389 141 541 234 0.66 
chair 723 181 840 279 0.54 
chair 338 138 468 259 0.99 
chair 707 170 815 253 0.99 
chair 603 167 732 279 0.99 
chair 461 182 636 351 0.99 
chair 489 128 582 217 0.96 
chair 632 248 815 498 0.96 
chair 414 125 498 198 0.95 
chair 580 140 667 206 0.93 
chair 677 206 831 313 0.92 
chair 766 234 837 367 0.89 
desk 181 131 554 587 0.85 
desk 516 262 782 589 0.82 
chair 525 126 622 201 0.82 
chair 761 190 838 328 0.81 
desk 596 195 840 412 0.70 
desk 389 141 541 234 0.66 
chair 723 181 840 279 0.54 
