chair 326 121 439 215 1.00 
chair 422 244 635 456 1.00 
chair 55 65 173 185 1.00 
chair 320 176 467 298 1.00 
chair 232 135 348 232 1.00 
chair 249 271 525 590 1.00 
chair 706 167 823 276 1.00 
chair 759 212 835 303 0.99 
chair 688 220 801 354 0.99 
chair 414 170 545 297 0.99 
chair 549 230 728 376 0.99 
chair 402 128 507 207 0.99 
chair 151 191 387 422 0.99 
chair 611 133 729 236 0.99 
chair 107 125 255 282 0.99 
chair 569 172 683 290 0.98 
chair 81 97 180 201 0.98 
chair 160 91 263 180 0.98 
chair 644 153 786 274 0.98 
chair 479 126 585 209 0.98 
chair 188 59 275 145 0.98 
chair 563 145 681 243 0.98 
chair 111 53 211 148 0.97 
chair 297 89 349 156 0.97 
chair 37 56 141 162 0.96 
chair 211 77 313 172 0.96 
chair 459 103 561 191 0.96 
chair 247 103 364 211 0.96 
chair 506 169 658 307 0.96 
chair 144 64 247 158 0.95 
chair 617 219 765 354 0.94 
chair 347 92 438 175 0.93 
chair 489 235 687 422 0.92 
chair 658 137 765 236 0.88 
chair 239 64 336 149 0.86 
chair 510 120 614 219 0.86 
chair 124 82 225 177 0.85 
chair 618 176 756 294 0.82 
chair 360 164 505 277 0.74 
chair 687 145 808 237 0.72 
chair 543 128 646 223 0.69 
chair 449 164 593 307 0.69 
chair 660 186 797 314 0.68 
chair 86 119 215 232 0.66 
chair 435 125 560 227 0.62 
chair 275 126 404 223 0.54 
chair 194 119 321 223 0.51 
chair 326 121 439 215 1.00 
chair 422 244 635 456 1.00 
chair 55 65 173 185 1.00 
chair 320 176 467 298 1.00 
chair 232 135 348 232 1.00 
chair 249 271 525 590 1.00 
chair 706 167 823 276 1.00 
chair 759 212 835 303 0.99 
chair 688 220 801 354 0.99 
chair 414 170 545 297 0.99 
chair 549 230 728 376 0.99 
chair 402 128 507 207 0.99 
chair 151 191 387 422 0.99 
chair 611 133 729 236 0.99 
chair 107 125 255 282 0.99 
chair 569 172 683 290 0.98 
chair 81 97 180 201 0.98 
chair 160 91 263 180 0.98 
chair 644 153 786 274 0.98 
chair 479 126 585 209 0.98 
chair 188 59 275 145 0.98 
chair 563 145 681 243 0.98 
chair 111 53 211 148 0.97 
chair 297 89 349 156 0.97 
chair 37 56 141 162 0.96 
chair 211 77 313 172 0.96 
chair 459 103 561 191 0.96 
chair 247 103 364 211 0.96 
chair 506 169 658 307 0.96 
chair 144 64 247 158 0.95 
chair 617 219 765 354 0.94 
chair 347 92 438 175 0.93 
chair 489 235 687 422 0.92 
chair 658 137 765 236 0.88 
chair 239 64 336 149 0.86 
chair 510 120 614 219 0.86 
chair 124 82 225 177 0.85 
chair 618 176 756 294 0.82 
chair 360 164 505 277 0.74 
chair 687 145 808 237 0.72 
chair 543 128 646 223 0.69 
chair 449 164 593 307 0.69 
chair 660 186 797 314 0.68 
chair 86 119 215 232 0.66 
chair 435 125 560 227 0.62 
chair 275 126 404 223 0.54 
chair 194 119 321 223 0.51 
