chair 2 297 88 439 1.00 
chair 239 280 336 385 1.00 
chair 639 277 756 366 1.00 
chair 430 290 512 427 1.00 
chair 528 299 627 412 1.00 
chair 209 326 337 456 1.00 
chair 328 282 422 402 1.00 
chair 412 348 593 517 1.00 
chair 310 329 445 503 1.00 
chair 557 278 642 396 1.00 
chair 552 358 771 584 1.00 
chair 164 276 261 359 0.99 
chair 25 266 147 378 0.99 
chair 54 304 159 452 0.99 
chair 612 313 768 461 0.99 
chair 136 308 237 443 0.98 
chair 772 336 836 449 0.97 
chair 80 264 212 381 0.97 
chair 116 285 227 398 0.93 
desk 0 433 108 600 0.88 
chair 773 294 835 408 0.82 
chair 265 276 378 384 0.81 
chair 90 305 199 441 0.71 
chair 443 277 541 389 0.62 
chair 0 268 87 363 0.55 
chair 2 297 88 439 1.00 
chair 239 280 336 385 1.00 
chair 639 277 756 366 1.00 
chair 430 290 512 427 1.00 
chair 528 299 627 412 1.00 
chair 209 326 337 456 1.00 
chair 328 282 422 402 1.00 
chair 412 348 593 517 1.00 
chair 310 329 445 503 1.00 
chair 557 278 642 396 1.00 
chair 552 358 771 584 1.00 
chair 164 276 261 359 0.99 
chair 25 266 147 378 0.99 
chair 54 304 159 452 0.99 
chair 612 313 768 461 0.99 
chair 136 308 237 443 0.98 
chair 772 336 836 449 0.97 
chair 80 264 212 381 0.97 
chair 116 285 227 398 0.93 
desk 0 433 108 600 0.88 
chair 773 294 835 408 0.82 
chair 265 276 378 384 0.81 
chair 90 305 199 441 0.71 
chair 443 277 541 389 0.62 
chair 0 268 87 363 0.55 
