chair 620 206 741 332 1.00 
chair 296 216 473 449 0.99 
chair 219 256 446 534 0.99 
desk 0 134 331 554 0.99 
chair 667 161 785 233 0.98 
chair 141 90 257 171 0.98 
chair 517 142 629 227 0.97 
chair 587 299 808 596 0.97 
chair 346 162 466 321 0.97 
chair 180 76 299 180 0.97 
chair 400 129 487 226 0.96 
chair 43 115 205 302 0.95 
desk 29 74 201 203 0.95 
chair 330 114 388 196 0.94 
chair 8 125 149 322 0.94 
desk 460 136 577 204 0.94 
desk 650 155 805 301 0.91 
desk 414 195 723 608 0.87 
chair 668 268 830 510 0.87 
chair 746 173 834 301 0.85 
desk 268 120 370 233 0.81 
chair 369 140 471 247 0.55 
chair 620 206 741 332 1.00 
chair 296 216 473 449 0.99 
chair 219 256 446 534 0.99 
desk 0 134 331 554 0.99 
chair 667 161 785 233 0.98 
chair 141 90 257 171 0.98 
chair 517 142 629 227 0.97 
chair 587 299 808 596 0.97 
chair 346 162 466 321 0.97 
chair 180 76 299 180 0.97 
chair 400 129 487 226 0.96 
chair 43 115 205 302 0.95 
desk 29 74 201 203 0.95 
chair 330 114 388 196 0.94 
chair 8 125 149 322 0.94 
desk 460 136 577 204 0.94 
desk 650 155 805 301 0.91 
desk 414 195 723 608 0.87 
chair 668 268 830 510 0.87 
chair 746 173 834 301 0.85 
desk 268 120 370 233 0.81 
chair 369 140 471 247 0.55 
