chair 245 144 321 243 1.00 
chair 300 247 462 514 1.00 
chair 424 187 516 354 1.00 
chair 492 141 554 243 1.00 
chair 383 130 442 195 1.00 
chair 119 217 273 381 1.00 
chair 230 178 355 300 1.00 
chair 127 165 256 295 1.00 
chair 477 157 547 276 1.00 
chair 0 313 179 611 0.99 
chair 4 201 164 356 0.99 
chair 91 372 367 606 0.99 
chair 321 137 393 224 0.99 
chair 171 169 313 292 0.97 
chair 301 116 387 206 0.90 
chair 245 144 321 243 1.00 
chair 300 247 462 514 1.00 
chair 424 187 516 354 1.00 
chair 492 141 554 243 1.00 
chair 383 130 442 195 1.00 
chair 119 217 273 381 1.00 
chair 230 178 355 300 1.00 
chair 127 165 256 295 1.00 
chair 477 157 547 276 1.00 
chair 0 313 179 611 0.99 
chair 4 201 164 356 0.99 
chair 91 372 367 606 0.99 
chair 321 137 393 224 0.99 
chair 171 169 313 292 0.97 
chair 301 116 387 206 0.90 
