chair 49 135 107 192 1.00 
chair 341 169 423 270 1.00 
chair 109 133 220 234 0.99 
chair 640 121 724 202 0.99 
chair 398 199 554 330 0.99 
chair 313 142 381 211 0.99 
chair 440 163 524 238 0.99 
chair 630 182 751 261 0.99 
chair 721 135 824 242 0.98 
chair 290 124 343 176 0.98 
chair 263 208 418 356 0.98 
chair 527 188 650 289 0.98 
chair 653 136 766 250 0.98 
chair 480 264 711 539 0.98 
chair 233 155 331 269 0.98 
chair 718 164 811 284 0.98 
chair 510 153 631 258 0.97 
chair 290 300 512 502 0.97 
chair 589 125 668 198 0.96 
chair 390 132 479 229 0.93 
chair 59 223 273 389 0.92 
chair 89 179 228 305 0.91 
chair 587 142 691 254 0.91 
chair 49 106 117 170 0.90 
chair 219 125 278 188 0.90 
chair 3 159 69 232 0.90 
chair 42 312 293 589 0.89 
chair 221 142 306 240 0.88 
chair 640 256 820 498 0.83 
chair 461 131 538 227 0.78 
chair 536 133 590 192 0.77 
chair 253 185 378 318 0.76 
chair 316 203 471 343 0.75 
chair 489 145 598 237 0.67 
chair 1 184 60 353 0.61 
chair 686 143 797 264 0.56 
chair 523 146 611 214 0.55 
desk 588 516 839 606 0.51 
chair 49 135 107 192 1.00 
chair 341 169 423 270 1.00 
chair 109 133 220 234 0.99 
chair 640 121 724 202 0.99 
chair 398 199 554 330 0.99 
chair 313 142 381 211 0.99 
chair 440 163 524 238 0.99 
chair 630 182 751 261 0.99 
chair 721 135 824 242 0.98 
chair 290 124 343 176 0.98 
chair 263 208 418 356 0.98 
chair 527 188 650 289 0.98 
chair 653 136 766 250 0.98 
chair 480 264 711 539 0.98 
chair 233 155 331 269 0.98 
chair 718 164 811 284 0.98 
chair 510 153 631 258 0.97 
chair 290 300 512 502 0.97 
chair 589 125 668 198 0.96 
chair 390 132 479 229 0.93 
chair 59 223 273 389 0.92 
chair 89 179 228 305 0.91 
chair 587 142 691 254 0.91 
chair 49 106 117 170 0.90 
chair 219 125 278 188 0.90 
chair 3 159 69 232 0.90 
chair 42 312 293 589 0.89 
chair 221 142 306 240 0.88 
chair 640 256 820 498 0.83 
chair 461 131 538 227 0.78 
chair 536 133 590 192 0.77 
chair 253 185 378 318 0.76 
chair 316 203 471 343 0.75 
chair 489 145 598 237 0.67 
chair 1 184 60 353 0.61 
chair 686 143 797 264 0.56 
chair 523 146 611 214 0.55 
desk 588 516 839 606 0.51 
