chair 2 515 56 593 1.00 
chair 292 417 555 606 1.00 
chair 6 261 98 431 1.00 
chair 157 365 364 577 1.00 
chair 33 324 222 481 0.99 
desk 197 235 328 366 0.99 
desk 324 209 652 508 0.97 
chair 12 303 170 444 0.97 
chair 7 246 81 363 0.97 
chair 1 216 39 353 0.95 
chair 6 495 299 605 0.94 
chair 0 182 44 283 0.92 
chair 108 346 308 537 0.83 
chair 75 309 217 434 0.56 
chair 2 515 56 593 1.00 
chair 292 417 555 606 1.00 
chair 6 261 98 431 1.00 
chair 157 365 364 577 1.00 
chair 33 324 222 481 0.99 
desk 197 235 328 366 0.99 
desk 324 209 652 508 0.97 
chair 12 303 170 444 0.97 
chair 7 246 81 363 0.97 
chair 1 216 39 353 0.95 
chair 6 495 299 605 0.94 
chair 0 182 44 283 0.92 
chair 108 346 308 537 0.83 
chair 75 309 217 434 0.56 
