chair 620 187 706 273 1.00 
chair 649 178 726 262 1.00 
chair 570 188 671 299 0.99 
chair 514 205 635 320 0.99 
desk 0 226 418 608 0.99 
chair 414 211 561 279 0.98 
chair 523 277 705 381 0.98 
chair 693 217 826 356 0.97 
desk 467 300 795 607 0.93 
chair 283 219 401 306 0.92 
desk 291 270 511 493 0.88 
desk 325 482 630 603 0.83 
desk 609 243 815 367 0.58 
chair 504 273 728 535 0.53 
chair 620 187 706 273 1.00 
chair 649 178 726 262 1.00 
chair 570 188 671 299 0.99 
chair 514 205 635 320 0.99 
desk 0 226 418 608 0.99 
chair 414 211 561 279 0.98 
chair 523 277 705 381 0.98 
chair 693 217 826 356 0.97 
desk 467 300 795 607 0.93 
chair 283 219 401 306 0.92 
desk 291 270 511 493 0.88 
desk 325 482 630 603 0.83 
desk 609 243 815 367 0.58 
chair 504 273 728 535 0.53 
