chair 550 235 649 342 1.00 
chair 539 418 796 603 1.00 
chair 548 214 636 306 1.00 
chair 551 278 701 420 1.00 
chair 736 265 837 374 0.99 
chair 75 208 240 383 0.99 
chair 703 234 813 332 0.99 
chair 524 349 729 585 0.99 
chair 686 211 771 267 0.99 
desk 156 162 424 531 0.93 
chair 778 312 837 488 0.92 
chair 690 218 790 309 0.52 
chair 550 235 649 342 1.00 
chair 539 418 796 603 1.00 
chair 548 214 636 306 1.00 
chair 551 278 701 420 1.00 
chair 736 265 837 374 0.99 
chair 75 208 240 383 0.99 
chair 703 234 813 332 0.99 
chair 524 349 729 585 0.99 
chair 686 211 771 267 0.99 
desk 156 162 424 531 0.93 
chair 778 312 837 488 0.92 
chair 690 218 790 309 0.52 
