chair 596 185 705 283 1.00 
chair 338 172 421 257 1.00 
chair 443 193 554 296 1.00 
chair 321 230 464 376 1.00 
chair 197 197 307 313 1.00 
chair 539 202 652 315 1.00 
chair 542 177 637 259 0.99 
chair 171 190 275 295 0.99 
chair 271 176 338 250 0.98 
desk 52 205 197 333 0.98 
chair 515 254 655 459 0.98 
chair 642 224 733 375 0.97 
chair 678 189 785 300 0.94 
desk 376 216 701 406 0.92 
desk 774 408 837 611 0.91 
desk 399 284 587 562 0.90 
desk 532 204 760 350 0.88 
desk 398 248 646 472 0.85 
desk 242 197 402 265 0.81 
desk 579 197 778 294 0.77 
chair 617 215 706 343 0.55 
chair 576 184 665 294 0.54 
desk 630 177 805 271 0.52 
chair 596 185 705 283 1.00 
chair 338 172 421 257 1.00 
chair 443 193 554 296 1.00 
chair 321 230 464 376 1.00 
chair 197 197 307 313 1.00 
chair 539 202 652 315 1.00 
chair 542 177 637 259 0.99 
chair 171 190 275 295 0.99 
chair 271 176 338 250 0.98 
desk 52 205 197 333 0.98 
chair 515 254 655 459 0.98 
chair 642 224 733 375 0.97 
chair 678 189 785 300 0.94 
desk 376 216 701 406 0.92 
desk 774 408 837 611 0.91 
desk 399 284 587 562 0.90 
desk 532 204 760 350 0.88 
desk 398 248 646 472 0.85 
desk 242 197 402 265 0.81 
desk 579 197 778 294 0.77 
chair 617 215 706 343 0.55 
chair 576 184 665 294 0.54 
desk 630 177 805 271 0.52 
