chair 165 395 417 608 1.00 
chair 503 322 686 482 1.00 
chair 365 359 573 594 0.99 
chair 458 255 592 391 0.99 
chair 541 232 626 343 0.99 
chair 225 305 398 461 0.99 
chair 58 320 232 454 0.99 
chair 78 229 174 304 0.99 
chair 241 245 363 351 0.99 
chair 464 201 568 300 0.98 
chair 363 236 447 311 0.98 
chair 205 186 286 269 0.97 
chair 585 311 744 446 0.97 
chair 324 183 403 244 0.97 
chair 143 262 262 365 0.97 
chair 187 222 273 283 0.97 
chair 529 205 625 299 0.97 
chair 675 199 772 304 0.96 
chair 430 198 515 284 0.96 
chair 600 193 676 274 0.96 
chair 388 187 467 241 0.95 
chair 693 463 834 601 0.95 
chair 384 291 510 386 0.94 
chair 657 295 789 431 0.94 
chair 268 184 350 256 0.93 
chair 498 194 576 254 0.93 
chair 562 202 654 291 0.92 
chair 13 269 142 400 0.92 
chair 140 205 200 262 0.90 
chair 1 221 71 349 0.88 
chair 381 228 479 318 0.87 
chair 398 198 490 297 0.86 
chair 432 213 536 315 0.85 
chair 15 201 119 324 0.83 
chair 594 225 681 309 0.82 
chair 633 210 753 326 0.80 
chair 725 293 804 421 0.78 
chair 330 190 417 281 0.71 
chair 613 230 713 322 0.70 
chair 432 351 624 523 0.65 
chair 780 218 837 360 0.60 
chair 538 259 642 387 0.59 
chair 401 247 512 354 0.59 
chair 650 256 738 329 0.58 
chair 487 217 601 328 0.57 
chair 419 193 504 253 0.53 
chair 578 248 663 337 0.53 
chair 24 295 190 424 0.52 
chair 460 190 552 261 0.52 
chair 236 281 377 403 0.51 
chair 165 395 417 608 1.00 
chair 503 322 686 482 1.00 
chair 365 359 573 594 0.99 
chair 458 255 592 391 0.99 
chair 541 232 626 343 0.99 
chair 225 305 398 461 0.99 
chair 58 320 232 454 0.99 
chair 78 229 174 304 0.99 
chair 241 245 363 351 0.99 
chair 464 201 568 300 0.98 
chair 363 236 447 311 0.98 
chair 205 186 286 269 0.97 
chair 585 311 744 446 0.97 
chair 324 183 403 244 0.97 
chair 143 262 262 365 0.97 
chair 187 222 273 283 0.97 
chair 529 205 625 299 0.97 
chair 675 199 772 304 0.96 
chair 430 198 515 284 0.96 
chair 600 193 676 274 0.96 
chair 388 187 467 241 0.95 
chair 693 463 834 601 0.95 
chair 384 291 510 386 0.94 
chair 657 295 789 431 0.94 
chair 268 184 350 256 0.93 
chair 498 194 576 254 0.93 
chair 562 202 654 291 0.92 
chair 13 269 142 400 0.92 
chair 140 205 200 262 0.90 
chair 1 221 71 349 0.88 
chair 381 228 479 318 0.87 
chair 398 198 490 297 0.86 
chair 432 213 536 315 0.85 
chair 15 201 119 324 0.83 
chair 594 225 681 309 0.82 
chair 633 210 753 326 0.80 
chair 725 293 804 421 0.78 
chair 330 190 417 281 0.71 
chair 613 230 713 322 0.70 
chair 432 351 624 523 0.65 
chair 780 218 837 360 0.60 
chair 538 259 642 387 0.59 
chair 401 247 512 354 0.59 
chair 650 256 738 329 0.58 
chair 487 217 601 328 0.57 
chair 419 193 504 253 0.53 
chair 578 248 663 337 0.53 
chair 24 295 190 424 0.52 
chair 460 190 552 261 0.52 
chair 236 281 377 403 0.51 
