chair 640 299 836 536 1.00 
chair 306 224 476 428 1.00 
chair 280 297 513 524 1.00 
chair 310 175 438 337 1.00 
chair 478 136 595 286 1.00 
chair 1 207 166 396 0.99 
chair 460 62 561 159 0.99 
chair 567 71 659 152 0.99 
chair 605 82 718 170 0.99 
chair 319 61 378 103 0.99 
chair 511 177 666 321 0.99 
chair 210 62 288 169 0.99 
chair 443 116 536 241 0.99 
chair 388 82 457 141 0.99 
chair 545 102 652 172 0.98 
chair 679 93 791 201 0.98 
chair 568 221 773 413 0.98 
chair 408 88 492 161 0.97 
chair 91 90 196 199 0.97 
chair 62 63 164 160 0.97 
chair 83 123 187 227 0.96 
chair 358 74 443 150 0.96 
chair 624 87 747 201 0.96 
chair 304 143 421 284 0.95 
chair 280 102 373 205 0.95 
chair 721 181 837 288 0.95 
chair 494 71 582 156 0.95 
chair 651 147 792 277 0.94 
chair 189 57 247 108 0.90 
chair 44 148 180 261 0.90 
chair 26 170 178 337 0.85 
chair 576 108 694 184 0.82 
chair 431 86 535 171 0.82 
chair 701 117 820 251 0.80 
chair 205 61 276 111 0.76 
chair 261 88 339 195 0.75 
chair 599 114 728 226 0.75 
chair 558 129 685 240 0.73 
chair 534 112 654 212 0.70 
chair 516 88 588 144 0.64 
chair 248 75 314 177 0.64 
chair 654 80 771 176 0.62 
chair 310 121 416 214 0.61 
chair 423 105 512 193 0.55 
chair 568 170 725 308 0.55 
chair 23 60 114 161 0.54 
chair 352 90 464 196 0.52 
chair 640 299 836 536 1.00 
chair 306 224 476 428 1.00 
chair 280 297 513 524 1.00 
chair 310 175 438 337 1.00 
chair 478 136 595 286 1.00 
chair 1 207 166 396 0.99 
chair 460 62 561 159 0.99 
chair 567 71 659 152 0.99 
chair 605 82 718 170 0.99 
chair 319 61 378 103 0.99 
chair 511 177 666 321 0.99 
chair 210 62 288 169 0.99 
chair 443 116 536 241 0.99 
chair 388 82 457 141 0.99 
chair 545 102 652 172 0.98 
chair 679 93 791 201 0.98 
chair 568 221 773 413 0.98 
chair 408 88 492 161 0.97 
chair 91 90 196 199 0.97 
chair 62 63 164 160 0.97 
chair 83 123 187 227 0.96 
chair 358 74 443 150 0.96 
chair 624 87 747 201 0.96 
chair 304 143 421 284 0.95 
chair 280 102 373 205 0.95 
chair 721 181 837 288 0.95 
chair 494 71 582 156 0.95 
chair 651 147 792 277 0.94 
chair 189 57 247 108 0.90 
chair 44 148 180 261 0.90 
chair 26 170 178 337 0.85 
chair 576 108 694 184 0.82 
chair 431 86 535 171 0.82 
chair 701 117 820 251 0.80 
chair 205 61 276 111 0.76 
chair 261 88 339 195 0.75 
chair 599 114 728 226 0.75 
chair 558 129 685 240 0.73 
chair 534 112 654 212 0.70 
chair 516 88 588 144 0.64 
chair 248 75 314 177 0.64 
chair 654 80 771 176 0.62 
chair 310 121 416 214 0.61 
chair 423 105 512 193 0.55 
chair 568 170 725 308 0.55 
chair 23 60 114 161 0.54 
chair 352 90 464 196 0.52 
