chair 486 224 576 339 1.00 
chair 641 220 749 334 1.00 
chair 691 242 827 383 1.00 
chair 508 253 630 390 1.00 
chair 45 251 219 433 1.00 
chair 570 165 673 283 0.99 
chair 746 283 838 466 0.99 
chair 525 293 678 469 0.99 
chair 620 206 700 279 0.98 
desk 111 190 372 588 0.93 
chair 486 224 576 339 1.00 
chair 641 220 749 334 1.00 
chair 691 242 827 383 1.00 
chair 508 253 630 390 1.00 
chair 45 251 219 433 1.00 
chair 570 165 673 283 0.99 
chair 746 283 838 466 0.99 
chair 525 293 678 469 0.99 
chair 620 206 700 279 0.98 
desk 111 190 372 588 0.93 
