chair 346 175 538 394 1.00 
chair 208 192 353 436 0.99 
chair 240 110 397 267 0.99 
chair 107 120 218 299 0.98 
desk 216 211 625 545 0.96 
chair 120 68 204 150 0.96 
chair 43 64 131 154 0.92 
desk 50 79 212 171 0.92 
desk 89 140 423 352 0.89 
chair 177 85 284 195 0.88 
desk 64 96 260 212 0.87 
chair 221 145 385 350 0.85 
desk 79 105 307 265 0.75 
desk 157 159 492 428 0.68 
chair 80 91 183 196 0.59 
chair 346 175 538 394 1.00 
chair 208 192 353 436 0.99 
chair 240 110 397 267 0.99 
chair 107 120 218 299 0.98 
desk 216 211 625 545 0.96 
chair 120 68 204 150 0.96 
chair 43 64 131 154 0.92 
desk 50 79 212 171 0.92 
desk 89 140 423 352 0.89 
chair 177 85 284 195 0.88 
desk 64 96 260 212 0.87 
chair 221 145 385 350 0.85 
desk 79 105 307 265 0.75 
desk 157 159 492 428 0.68 
chair 80 91 183 196 0.59 
