chair 229 124 358 294 0.99 
chair 564 139 718 291 0.99 
chair 325 171 516 445 0.99 
chair 679 121 813 295 0.98 
desk 750 218 835 359 0.98 
chair 400 129 534 307 0.97 
chair 2 162 242 302 0.96 
desk 579 197 783 337 0.94 
chair 440 326 823 606 0.89 
desk 152 165 360 355 0.85 
desk 12 273 245 601 0.85 
chair 3 238 140 526 0.82 
desk 110 213 304 471 0.74 
desk 353 185 552 358 0.71 
chair 541 174 701 362 0.68 
desk 494 203 706 475 0.68 
chair 28 185 225 423 0.66 
desk 523 266 806 524 0.60 
desk 727 167 827 339 0.57 
chair 665 192 812 354 0.50 
chair 229 124 358 294 0.99 
chair 564 139 718 291 0.99 
chair 325 171 516 445 0.99 
chair 679 121 813 295 0.98 
desk 750 218 835 359 0.98 
chair 400 129 534 307 0.97 
chair 2 162 242 302 0.96 
desk 579 197 783 337 0.94 
chair 440 326 823 606 0.89 
desk 152 165 360 355 0.85 
desk 12 273 245 601 0.85 
chair 3 238 140 526 0.82 
desk 110 213 304 471 0.74 
desk 353 185 552 358 0.71 
chair 541 174 701 362 0.68 
desk 494 203 706 475 0.68 
chair 28 185 225 423 0.66 
desk 523 266 806 524 0.60 
desk 727 167 827 339 0.57 
chair 665 192 812 354 0.50 
