chair 338 219 445 417 0.99 
chair 389 145 478 230 0.99 
chair 416 164 529 270 0.99 
chair 633 169 739 258 0.98 
chair 365 166 477 271 0.98 
desk 418 224 841 603 0.97 
chair 44 238 221 494 0.97 
desk 0 307 321 608 0.94 
chair 519 204 685 336 0.94 
chair 225 141 310 238 0.94 
chair 256 180 339 304 0.93 
chair 320 146 409 235 0.90 
desk 301 201 604 367 0.88 
chair 769 218 833 320 0.87 
chair 6 174 116 314 0.77 
chair 1 162 67 308 0.76 
chair 232 165 322 281 0.73 
chair 35 162 140 279 0.66 
chair 342 184 462 337 0.64 
desk 530 162 661 219 0.64 
desk 321 181 530 293 0.60 
desk 268 162 482 260 0.56 
desk 3 213 194 335 0.53 
desk 0 134 130 238 0.51 
chair 521 189 618 312 0.50 
chair 338 219 445 417 0.99 
chair 389 145 478 230 0.99 
chair 416 164 529 270 0.99 
chair 633 169 739 258 0.98 
chair 365 166 477 271 0.98 
desk 418 224 841 603 0.97 
chair 44 238 221 494 0.97 
desk 0 307 321 608 0.94 
chair 519 204 685 336 0.94 
chair 225 141 310 238 0.94 
chair 256 180 339 304 0.93 
chair 320 146 409 235 0.90 
desk 301 201 604 367 0.88 
chair 769 218 833 320 0.87 
chair 6 174 116 314 0.77 
chair 1 162 67 308 0.76 
chair 232 165 322 281 0.73 
chair 35 162 140 279 0.66 
chair 342 184 462 337 0.64 
desk 530 162 661 219 0.64 
desk 321 181 530 293 0.60 
desk 268 162 482 260 0.56 
desk 3 213 194 335 0.53 
desk 0 134 130 238 0.51 
chair 521 189 618 312 0.50 
