chair 546 280 687 418 1.00 
chair 386 196 475 264 1.00 
chair 73 205 185 346 1.00 
chair 436 185 528 266 1.00 
chair 683 252 819 353 1.00 
chair 608 316 787 492 1.00 
chair 492 249 604 364 1.00 
chair 709 387 834 604 0.99 
chair 440 227 539 322 0.99 
chair 468 188 571 288 0.99 
desk 197 266 376 556 0.98 
desk 178 139 283 304 0.98 
chair 616 213 737 320 0.97 
chair 711 270 837 386 0.97 
chair 560 213 695 329 0.97 
chair 493 193 604 312 0.96 
chair 367 192 444 261 0.95 
chair 305 173 358 260 0.94 
chair 343 191 403 273 0.93 
chair 521 189 621 284 0.92 
desk 175 224 340 482 0.92 
chair 583 296 729 445 0.91 
chair 545 196 659 296 0.86 
chair 653 230 774 328 0.86 
chair 405 176 500 262 0.85 
desk 174 181 298 365 0.82 
chair 751 286 835 431 0.81 
chair 540 238 667 353 0.63 
chair 718 313 837 472 0.60 
chair 574 205 682 276 0.56 
chair 546 280 687 418 1.00 
chair 386 196 475 264 1.00 
chair 73 205 185 346 1.00 
chair 436 185 528 266 1.00 
chair 683 252 819 353 1.00 
chair 608 316 787 492 1.00 
chair 492 249 604 364 1.00 
chair 709 387 834 604 0.99 
chair 440 227 539 322 0.99 
chair 468 188 571 288 0.99 
desk 197 266 376 556 0.98 
desk 178 139 283 304 0.98 
chair 616 213 737 320 0.97 
chair 711 270 837 386 0.97 
chair 560 213 695 329 0.97 
chair 493 193 604 312 0.96 
chair 367 192 444 261 0.95 
chair 305 173 358 260 0.94 
chair 343 191 403 273 0.93 
chair 521 189 621 284 0.92 
desk 175 224 340 482 0.92 
chair 583 296 729 445 0.91 
chair 545 196 659 296 0.86 
chair 653 230 774 328 0.86 
chair 405 176 500 262 0.85 
desk 174 181 298 365 0.82 
chair 751 286 835 431 0.81 
chair 540 238 667 353 0.63 
chair 718 313 837 472 0.60 
chair 574 205 682 276 0.56 
