chair 326 269 493 505 0.99 
chair 289 189 352 297 0.99 
chair 331 214 458 318 0.99 
chair 313 260 425 404 0.99 
chair 180 157 253 241 0.98 
chair 321 171 401 270 0.98 
chair 0 350 263 609 0.97 
chair 14 169 111 270 0.95 
chair 100 152 187 244 0.92 
chair 79 184 202 307 0.91 
chair 120 173 215 274 0.88 
desk 251 217 300 280 0.87 
desk 8 203 123 303 0.84 
desk 177 230 286 360 0.80 
desk 4 239 160 317 0.73 
desk 65 169 167 236 0.73 
desk 206 210 296 328 0.70 
chair 98 203 238 336 0.65 
chair 26 268 221 418 0.64 
desk 124 254 276 379 0.61 
desk 34 169 136 244 0.58 
desk 150 182 260 282 0.52 
desk 0 239 286 385 0.51 
chair 326 269 493 505 0.99 
chair 289 189 352 297 0.99 
chair 331 214 458 318 0.99 
chair 313 260 425 404 0.99 
chair 180 157 253 241 0.98 
chair 321 171 401 270 0.98 
chair 0 350 263 609 0.97 
chair 14 169 111 270 0.95 
chair 100 152 187 244 0.92 
chair 79 184 202 307 0.91 
chair 120 173 215 274 0.88 
desk 251 217 300 280 0.87 
desk 8 203 123 303 0.84 
desk 177 230 286 360 0.80 
desk 4 239 160 317 0.73 
desk 65 169 167 236 0.73 
desk 206 210 296 328 0.70 
chair 98 203 238 336 0.65 
chair 26 268 221 418 0.64 
desk 124 254 276 379 0.61 
desk 34 169 136 244 0.58 
desk 150 182 260 282 0.52 
desk 0 239 286 385 0.51 
