chair 474 367 756 604 1.00 
chair 296 351 521 539 1.00 
chair 436 232 542 295 1.00 
chair 334 270 489 391 1.00 
chair 161 325 320 494 1.00 
chair 511 188 605 303 1.00 
chair 557 250 673 370 0.99 
chair 221 245 350 357 0.99 
chair 273 186 380 309 0.99 
chair 429 182 525 276 0.99 
chair 180 232 297 322 0.98 
chair 616 296 790 463 0.98 
chair 18 274 235 455 0.98 
chair 459 290 611 433 0.97 
chair 663 241 822 415 0.97 
chair 249 217 370 340 0.95 
chair 368 220 462 280 0.93 
chair 604 221 698 311 0.91 
chair 709 217 832 347 0.90 
chair 480 216 584 297 0.88 
chair 543 345 768 539 0.52 
chair 340 351 632 577 0.51 
chair 474 367 756 604 1.00 
chair 296 351 521 539 1.00 
chair 436 232 542 295 1.00 
chair 334 270 489 391 1.00 
chair 161 325 320 494 1.00 
chair 511 188 605 303 1.00 
chair 557 250 673 370 0.99 
chair 221 245 350 357 0.99 
chair 273 186 380 309 0.99 
chair 429 182 525 276 0.99 
chair 180 232 297 322 0.98 
chair 616 296 790 463 0.98 
chair 18 274 235 455 0.98 
chair 459 290 611 433 0.97 
chair 663 241 822 415 0.97 
chair 249 217 370 340 0.95 
chair 368 220 462 280 0.93 
chair 604 221 698 311 0.91 
chair 709 217 832 347 0.90 
chair 480 216 584 297 0.88 
chair 543 345 768 539 0.52 
chair 340 351 632 577 0.51 
