chair 217 287 403 563 1.00 
chair 500 170 593 262 0.99 
chair 102 131 202 240 0.99 
chair 358 149 460 249 0.99 
chair 461 151 559 255 0.99 
chair 155 228 329 436 0.99 
chair 310 207 393 347 0.99 
chair 722 321 836 446 0.99 
chair 230 169 342 294 0.99 
chair 87 206 249 396 0.98 
desk 118 209 511 420 0.98 
chair 1 172 56 330 0.97 
desk 465 132 679 273 0.95 
desk 3 146 133 316 0.94 
chair 399 222 540 412 0.89 
chair 574 343 831 603 0.86 
desk 316 178 606 365 0.86 
desk 284 144 369 174 0.84 
chair 159 153 263 255 0.83 
desk 17 484 226 607 0.82 
desk 663 226 836 442 0.78 
chair 121 133 248 218 0.67 
chair 697 203 826 332 0.62 
desk 612 260 826 533 0.59 
desk 282 225 530 441 0.54 
chair 217 287 403 563 1.00 
chair 500 170 593 262 0.99 
chair 102 131 202 240 0.99 
chair 358 149 460 249 0.99 
chair 461 151 559 255 0.99 
chair 155 228 329 436 0.99 
chair 310 207 393 347 0.99 
chair 722 321 836 446 0.99 
chair 230 169 342 294 0.99 
chair 87 206 249 396 0.98 
desk 118 209 511 420 0.98 
chair 1 172 56 330 0.97 
desk 465 132 679 273 0.95 
desk 3 146 133 316 0.94 
chair 399 222 540 412 0.89 
chair 574 343 831 603 0.86 
desk 316 178 606 365 0.86 
desk 284 144 369 174 0.84 
chair 159 153 263 255 0.83 
desk 17 484 226 607 0.82 
desk 663 226 836 442 0.78 
chair 121 133 248 218 0.67 
chair 697 203 826 332 0.62 
desk 612 260 826 533 0.59 
desk 282 225 530 441 0.54 
