chair 681 111 760 233 0.99 
chair 562 82 669 198 0.98 
chair 390 90 522 230 0.96 
chair 261 155 488 477 0.96 
chair 527 129 693 301 0.94 
desk 148 139 339 372 0.92 
desk 477 150 686 367 0.89 
desk 617 124 786 272 0.87 
desk 175 146 411 438 0.82 
desk 503 71 636 155 0.80 
chair 186 126 389 305 0.60 
chair 681 111 760 233 0.99 
chair 562 82 669 198 0.98 
chair 390 90 522 230 0.96 
chair 261 155 488 477 0.96 
chair 527 129 693 301 0.94 
desk 148 139 339 372 0.92 
desk 477 150 686 367 0.89 
desk 617 124 786 272 0.87 
desk 175 146 411 438 0.82 
desk 503 71 636 155 0.80 
chair 186 126 389 305 0.60 
