chair 87 77 214 213 1.00 
chair 447 67 572 210 1.00 
chair 316 146 457 364 1.00 
chair 191 82 337 244 1.00 
chair 548 73 685 217 1.00 
chair 105 122 303 336 0.99 
desk 728 156 834 323 0.98 
chair 487 69 617 206 0.98 
desk 512 216 819 606 0.98 
chair 385 229 668 571 0.97 
chair 650 65 793 217 0.93 
desk 2 212 299 595 0.88 
desk 3 149 125 252 0.80 
chair 2 153 87 310 0.68 
chair 4 192 211 491 0.64 
chair 87 77 214 213 1.00 
chair 447 67 572 210 1.00 
chair 316 146 457 364 1.00 
chair 191 82 337 244 1.00 
chair 548 73 685 217 1.00 
chair 105 122 303 336 0.99 
desk 728 156 834 323 0.98 
chair 487 69 617 206 0.98 
desk 512 216 819 606 0.98 
chair 385 229 668 571 0.97 
chair 650 65 793 217 0.93 
desk 2 212 299 595 0.88 
desk 3 149 125 252 0.80 
chair 2 153 87 310 0.68 
chair 4 192 211 491 0.64 
