chair 90 331 316 541 1.00 
chair 472 211 574 310 1.00 
chair 413 237 520 331 0.99 
chair 686 171 782 251 0.99 
chair 153 260 274 368 0.99 
chair 345 256 475 375 0.99 
chair 252 287 402 440 0.98 
chair 252 240 364 348 0.98 
chair 165 194 280 300 0.97 
chair 346 182 433 271 0.97 
chair 545 193 637 270 0.97 
chair 586 173 677 256 0.97 
chair 312 222 411 303 0.97 
chair 479 179 566 265 0.96 
chair 509 173 591 261 0.96 
chair 539 164 622 253 0.95 
chair 85 206 187 300 0.93 
chair 110 214 222 306 0.93 
chair 420 201 514 296 0.93 
chair 5 283 148 418 0.91 
chair 243 202 344 303 0.91 
chair 106 252 243 376 0.91 
chair 624 173 713 257 0.91 
chair 0 264 68 421 0.91 
chair 374 195 468 278 0.90 
chair 24 243 140 350 0.89 
chair 653 167 740 252 0.88 
chair 505 208 601 286 0.88 
chair 274 187 360 274 0.87 
chair 291 204 386 291 0.87 
chair 314 181 402 266 0.86 
chair 2 215 84 326 0.86 
chair 562 162 651 247 0.86 
chair 51 222 171 332 0.85 
chair 526 198 607 263 0.83 
desk 435 279 830 610 0.83 
chair 340 232 460 335 0.82 
chair 409 183 488 269 0.81 
chair 147 191 240 275 0.79 
chair 295 269 429 406 0.76 
chair 440 177 524 267 0.72 
chair 6 248 96 379 0.72 
chair 212 222 338 327 0.71 
chair 150 229 269 326 0.71 
chair 230 191 326 274 0.71 
chair 764 191 833 334 0.66 
chair 39 263 168 393 0.63 
chair 356 218 455 299 0.62 
chair 187 190 276 263 0.62 
chair 0 227 54 371 0.60 
chair 41 294 214 427 0.60 
chair 385 222 488 327 0.51 
chair 90 331 316 541 1.00 
chair 472 211 574 310 1.00 
chair 413 237 520 331 0.99 
chair 686 171 782 251 0.99 
chair 153 260 274 368 0.99 
chair 345 256 475 375 0.99 
chair 252 287 402 440 0.98 
chair 252 240 364 348 0.98 
chair 165 194 280 300 0.97 
chair 346 182 433 271 0.97 
chair 545 193 637 270 0.97 
chair 586 173 677 256 0.97 
chair 312 222 411 303 0.97 
chair 479 179 566 265 0.96 
chair 509 173 591 261 0.96 
chair 539 164 622 253 0.95 
chair 85 206 187 300 0.93 
chair 110 214 222 306 0.93 
chair 420 201 514 296 0.93 
chair 5 283 148 418 0.91 
chair 243 202 344 303 0.91 
chair 106 252 243 376 0.91 
chair 624 173 713 257 0.91 
chair 0 264 68 421 0.91 
chair 374 195 468 278 0.90 
chair 24 243 140 350 0.89 
chair 653 167 740 252 0.88 
chair 505 208 601 286 0.88 
chair 274 187 360 274 0.87 
chair 291 204 386 291 0.87 
chair 314 181 402 266 0.86 
chair 2 215 84 326 0.86 
chair 562 162 651 247 0.86 
chair 51 222 171 332 0.85 
chair 526 198 607 263 0.83 
desk 435 279 830 610 0.83 
chair 340 232 460 335 0.82 
chair 409 183 488 269 0.81 
chair 147 191 240 275 0.79 
chair 295 269 429 406 0.76 
chair 440 177 524 267 0.72 
chair 6 248 96 379 0.72 
chair 212 222 338 327 0.71 
chair 150 229 269 326 0.71 
chair 230 191 326 274 0.71 
chair 764 191 833 334 0.66 
chair 39 263 168 393 0.63 
chair 356 218 455 299 0.62 
chair 187 190 276 263 0.62 
chair 0 227 54 371 0.60 
chair 41 294 214 427 0.60 
chair 385 222 488 327 0.51 
