chair 606 145 753 264 0.98 
desk 512 106 659 188 0.98 
chair 654 121 722 170 0.98 
chair 685 102 819 205 0.97 
chair 418 164 612 363 0.97 
chair 397 94 482 177 0.96 
chair 421 106 519 194 0.94 
chair 660 100 742 164 0.92 
chair 381 140 529 298 0.91 
chair 507 228 740 465 0.82 
desk 180 92 525 570 0.82 
desk 440 189 740 569 0.80 
chair 569 94 661 178 0.78 
chair 658 165 834 347 0.78 
chair 643 128 786 237 0.74 
desk 593 162 831 452 0.69 
desk 709 205 835 481 0.66 
desk 576 101 719 185 0.65 
chair 411 120 532 235 0.59 
chair 701 144 832 292 0.57 
chair 606 145 753 264 0.98 
desk 512 106 659 188 0.98 
chair 654 121 722 170 0.98 
chair 685 102 819 205 0.97 
chair 418 164 612 363 0.97 
chair 397 94 482 177 0.96 
chair 421 106 519 194 0.94 
chair 660 100 742 164 0.92 
chair 381 140 529 298 0.91 
chair 507 228 740 465 0.82 
desk 180 92 525 570 0.82 
desk 440 189 740 569 0.80 
chair 569 94 661 178 0.78 
chair 658 165 834 347 0.78 
chair 643 128 786 237 0.74 
desk 593 162 831 452 0.69 
desk 709 205 835 481 0.66 
desk 576 101 719 185 0.65 
chair 411 120 532 235 0.59 
chair 701 144 832 292 0.57 
