chair 549 364 765 556 1.00 
chair 416 225 496 298 1.00 
chair 261 348 453 577 1.00 
chair 466 269 589 407 1.00 
chair 284 235 380 354 1.00 
chair 506 306 659 476 1.00 
chair 28 306 171 436 1.00 
chair 430 240 528 354 0.99 
chair 397 207 457 262 0.98 
chair 277 204 350 299 0.97 
chair 276 277 410 397 0.96 
chair 268 298 436 503 0.92 
chair 442 231 522 299 0.91 
chair 1 377 95 601 0.86 
chair 395 239 486 350 0.51 
chair 549 364 765 556 1.00 
chair 416 225 496 298 1.00 
chair 261 348 453 577 1.00 
chair 466 269 589 407 1.00 
chair 284 235 380 354 1.00 
chair 506 306 659 476 1.00 
chair 28 306 171 436 1.00 
chair 430 240 528 354 0.99 
chair 397 207 457 262 0.98 
chair 277 204 350 299 0.97 
chair 276 277 410 397 0.96 
chair 268 298 436 503 0.92 
chair 442 231 522 299 0.91 
chair 1 377 95 601 0.86 
chair 395 239 486 350 0.51 
