chair 393 191 511 382 1.00 
desk 2 472 179 607 1.00 
desk 462 191 703 534 1.00 
chair 275 225 489 522 1.00 
desk 71 163 329 514 0.99 
desk 623 542 829 609 0.99 
desk 0 162 68 297 0.98 
chair 109 169 295 260 0.96 
chair 0 227 109 479 0.94 
desk 344 214 619 513 0.55 
chair 393 191 511 382 1.00 
desk 2 472 179 607 1.00 
desk 462 191 703 534 1.00 
chair 275 225 489 522 1.00 
desk 71 163 329 514 0.99 
desk 623 542 829 609 0.99 
desk 0 162 68 297 0.98 
chair 109 169 295 260 0.96 
chair 0 227 109 479 0.94 
desk 344 214 619 513 0.55 
