chair 345 226 517 495 1.00 
chair 66 101 163 207 0.98 
chair 195 101 283 200 0.98 
chair 255 107 351 212 0.98 
chair 735 167 837 301 0.96 
chair 356 114 460 214 0.96 
chair 213 168 376 390 0.96 
chair 44 155 163 314 0.96 
chair 474 113 550 183 0.96 
desk 508 239 755 600 0.95 
desk 416 174 518 310 0.93 
desk 48 172 231 347 0.91 
chair 555 137 677 268 0.90 
desk 508 157 683 300 0.88 
chair 580 182 763 381 0.88 
desk 745 222 837 384 0.84 
desk 281 127 402 241 0.80 
desk 208 128 334 218 0.80 
chair 355 141 464 277 0.79 
desk 54 124 219 226 0.78 
chair 2 131 82 268 0.76 
desk 212 201 451 446 0.72 
desk 168 118 266 209 0.72 
chair 349 154 509 321 0.56 
chair 345 226 517 495 1.00 
chair 66 101 163 207 0.98 
chair 195 101 283 200 0.98 
chair 255 107 351 212 0.98 
chair 735 167 837 301 0.96 
chair 356 114 460 214 0.96 
chair 213 168 376 390 0.96 
chair 44 155 163 314 0.96 
chair 474 113 550 183 0.96 
desk 508 239 755 600 0.95 
desk 416 174 518 310 0.93 
desk 48 172 231 347 0.91 
chair 555 137 677 268 0.90 
desk 508 157 683 300 0.88 
chair 580 182 763 381 0.88 
desk 745 222 837 384 0.84 
desk 281 127 402 241 0.80 
desk 208 128 334 218 0.80 
chair 355 141 464 277 0.79 
desk 54 124 219 226 0.78 
chair 2 131 82 268 0.76 
desk 212 201 451 446 0.72 
desk 168 118 266 209 0.72 
chair 349 154 509 321 0.56 
