chair 285 192 491 440 1.00 
chair 143 125 275 266 1.00 
chair 59 111 195 241 0.98 
desk 49 180 317 412 0.97 
chair 474 173 602 303 0.96 
chair 0 96 70 190 0.96 
desk 10 109 102 210 0.90 
desk 590 191 774 389 0.89 
desk 1 145 81 309 0.87 
desk 330 223 606 581 0.76 
chair 285 192 491 440 1.00 
chair 143 125 275 266 1.00 
chair 59 111 195 241 0.98 
desk 49 180 317 412 0.97 
chair 474 173 602 303 0.96 
chair 0 96 70 190 0.96 
desk 10 109 102 210 0.90 
desk 590 191 774 389 0.89 
desk 1 145 81 309 0.87 
desk 330 223 606 581 0.76 
