chair 179 78 266 185 1.00 
chair 235 128 396 271 1.00 
chair 618 187 725 335 1.00 
chair 518 190 677 368 0.99 
chair 471 133 589 252 0.99 
chair 577 81 662 174 0.99 
chair 400 62 490 140 0.99 
chair 540 79 635 177 0.99 
chair 388 203 587 396 0.99 
chair 282 82 387 163 0.99 
chair 158 232 432 558 0.99 
chair 367 64 454 141 0.99 
chair 680 178 780 280 0.99 
chair 56 82 200 225 0.99 
chair 126 50 204 132 0.98 
chair 688 117 797 214 0.97 
chair 225 55 293 127 0.97 
chair 471 79 588 189 0.97 
chair 631 114 765 241 0.97 
chair 294 46 388 143 0.96 
chair 157 17 252 120 0.96 
chair 582 120 714 237 0.95 
chair 768 151 835 267 0.95 
chair 721 168 825 280 0.95 
chair 18 33 117 118 0.94 
chair 367 137 513 254 0.94 
chair 425 80 531 177 0.93 
chair 245 34 295 94 0.91 
desk 710 452 836 606 0.91 
chair 73 15 169 121 0.89 
chair 656 139 793 268 0.88 
chair 583 99 687 196 0.86 
chair 79 121 224 288 0.84 
chair 546 132 652 221 0.82 
chair 321 42 411 130 0.74 
chair 65 139 267 383 0.66 
chair 367 90 475 168 0.60 
chair 164 130 348 295 0.57 
chair 447 64 548 152 0.54 
chair 179 78 266 185 1.00 
chair 235 128 396 271 1.00 
chair 618 187 725 335 1.00 
chair 518 190 677 368 0.99 
chair 471 133 589 252 0.99 
chair 577 81 662 174 0.99 
chair 400 62 490 140 0.99 
chair 540 79 635 177 0.99 
chair 388 203 587 396 0.99 
chair 282 82 387 163 0.99 
chair 158 232 432 558 0.99 
chair 367 64 454 141 0.99 
chair 680 178 780 280 0.99 
chair 56 82 200 225 0.99 
chair 126 50 204 132 0.98 
chair 688 117 797 214 0.97 
chair 225 55 293 127 0.97 
chair 471 79 588 189 0.97 
chair 631 114 765 241 0.97 
chair 294 46 388 143 0.96 
chair 157 17 252 120 0.96 
chair 582 120 714 237 0.95 
chair 768 151 835 267 0.95 
chair 721 168 825 280 0.95 
chair 18 33 117 118 0.94 
chair 367 137 513 254 0.94 
chair 425 80 531 177 0.93 
chair 245 34 295 94 0.91 
desk 710 452 836 606 0.91 
chair 73 15 169 121 0.89 
chair 656 139 793 268 0.88 
chair 583 99 687 196 0.86 
chair 79 121 224 288 0.84 
chair 546 132 652 221 0.82 
chair 321 42 411 130 0.74 
chair 65 139 267 383 0.66 
chair 367 90 475 168 0.60 
chair 164 130 348 295 0.57 
chair 447 64 548 152 0.54 
