chair 277 327 574 602 0.99 
chair 519 384 773 603 0.99 
chair 88 256 285 378 0.99 
chair 17 143 131 251 0.98 
chair 0 289 161 445 0.98 
desk 50 268 593 619 0.98 
chair 0 399 353 602 0.95 
chair 85 168 235 319 0.91 
desk 5 205 334 381 0.87 
desk 0 152 153 356 0.86 
chair 0 159 53 299 0.59 
chair 47 276 241 418 0.52 
chair 277 327 574 602 0.99 
chair 519 384 773 603 0.99 
chair 88 256 285 378 0.99 
chair 17 143 131 251 0.98 
chair 0 289 161 445 0.98 
desk 50 268 593 619 0.98 
chair 0 399 353 602 0.95 
chair 85 168 235 319 0.91 
desk 5 205 334 381 0.87 
desk 0 152 153 356 0.86 
chair 0 159 53 299 0.59 
chair 47 276 241 418 0.52 
