chair 249 349 407 519 1.00 
chair 369 432 625 608 1.00 
chair 527 396 745 559 1.00 
chair 623 349 832 505 0.98 
chair 778 298 837 490 0.71 
chair 456 417 708 590 0.61 
chair 713 351 832 557 0.60 
chair 294 294 391 356 0.56 
chair 767 400 835 583 0.53 
chair 249 349 407 519 1.00 
chair 369 432 625 608 1.00 
chair 527 396 745 559 1.00 
chair 623 349 832 505 0.98 
chair 778 298 837 490 0.71 
chair 456 417 708 590 0.61 
chair 713 351 832 557 0.60 
chair 294 294 391 356 0.56 
chair 767 400 835 583 0.53 
