chair 298 248 475 542 1.00 
chair 5 159 228 336 1.00 
desk 713 534 836 607 1.00 
chair 383 199 555 422 1.00 
desk 420 196 748 544 0.99 
chair 677 214 808 391 0.98 
chair 770 288 835 503 0.98 
chair 2 254 172 597 0.96 
desk 22 172 278 590 0.79 
desk 706 247 831 491 0.69 
chair 298 248 475 542 1.00 
chair 5 159 228 336 1.00 
desk 713 534 836 607 1.00 
chair 383 199 555 422 1.00 
desk 420 196 748 544 0.99 
chair 677 214 808 391 0.98 
chair 770 288 835 503 0.98 
chair 2 254 172 597 0.96 
desk 22 172 278 590 0.79 
desk 706 247 831 491 0.69 
