chair 68 198 159 331 1.00 
chair 503 255 665 346 1.00 
chair 497 202 609 309 1.00 
chair 161 206 259 296 0.99 
chair 284 171 381 282 0.99 
chair 595 207 710 304 0.99 
chair 99 165 217 279 0.99 
chair 37 229 234 425 0.99 
chair 707 210 809 297 0.99 
chair 624 231 814 404 0.98 
chair 190 182 290 289 0.98 
chair 346 256 505 338 0.97 
chair 479 192 571 299 0.97 
chair 224 224 364 326 0.95 
chair 468 168 537 274 0.95 
chair 715 167 816 280 0.94 
chair 627 175 728 288 0.94 
chair 386 152 465 234 0.93 
chair 532 155 619 244 0.93 
chair 596 150 686 239 0.93 
chair 661 152 754 238 0.92 
desk 0 313 795 600 0.92 
chair 559 181 618 246 0.91 
chair 379 199 492 300 0.89 
chair 384 194 479 261 0.78 
chair 153 157 264 271 0.69 
chair 612 204 756 332 0.58 
chair 505 153 590 247 0.58 
chair 268 205 369 309 0.56 
chair 666 196 788 293 0.54 
chair 68 198 159 331 1.00 
chair 503 255 665 346 1.00 
chair 497 202 609 309 1.00 
chair 161 206 259 296 0.99 
chair 284 171 381 282 0.99 
chair 595 207 710 304 0.99 
chair 99 165 217 279 0.99 
chair 37 229 234 425 0.99 
chair 707 210 809 297 0.99 
chair 624 231 814 404 0.98 
chair 190 182 290 289 0.98 
chair 346 256 505 338 0.97 
chair 479 192 571 299 0.97 
chair 224 224 364 326 0.95 
chair 468 168 537 274 0.95 
chair 715 167 816 280 0.94 
chair 627 175 728 288 0.94 
chair 386 152 465 234 0.93 
chair 532 155 619 244 0.93 
chair 596 150 686 239 0.93 
chair 661 152 754 238 0.92 
desk 0 313 795 600 0.92 
chair 559 181 618 246 0.91 
chair 379 199 492 300 0.89 
chair 384 194 479 261 0.78 
chair 153 157 264 271 0.69 
chair 612 204 756 332 0.58 
chair 505 153 590 247 0.58 
chair 268 205 369 309 0.56 
chair 666 196 788 293 0.54 
