chair 435 182 569 293 1.00 
chair 152 201 274 326 1.00 
chair 6 296 169 494 0.99 
chair 682 192 825 343 0.99 
chair 457 121 549 227 0.99 
chair 366 274 615 485 0.99 
chair 538 228 760 436 0.99 
chair 664 101 769 203 0.99 
chair 652 139 769 247 0.99 
chair 238 132 319 233 0.98 
chair 0 408 163 594 0.98 
chair 142 317 415 589 0.98 
chair 526 148 652 252 0.98 
chair 18 221 157 327 0.98 
chair 554 430 814 606 0.98 
chair 161 144 256 243 0.97 
chair 306 129 391 218 0.97 
chair 251 156 343 273 0.97 
chair 276 180 386 301 0.97 
chair 713 92 810 189 0.96 
chair 365 151 455 269 0.96 
chair 528 166 680 308 0.96 
chair 148 238 344 447 0.96 
chair 310 213 466 375 0.95 
chair 393 115 489 228 0.95 
chair 692 127 823 268 0.94 
chair 538 121 624 175 0.94 
chair 596 108 694 200 0.93 
chair 333 142 390 202 0.93 
chair 741 90 837 204 0.92 
chair 371 115 458 214 0.91 
chair 60 190 167 314 0.89 
chair 611 122 717 233 0.89 
chair 77 160 156 228 0.87 
chair 453 163 555 263 0.80 
chair 176 218 336 340 0.80 
chair 269 128 352 216 0.69 
chair 324 134 419 237 0.61 
chair 293 189 423 328 0.61 
chair 272 154 379 257 0.59 
chair 557 121 666 208 0.54 
chair 161 384 624 611 0.53 
chair 663 173 791 304 0.53 
chair 605 203 809 366 0.51 
chair 42 249 250 474 0.51 
chair 435 182 569 293 1.00 
chair 152 201 274 326 1.00 
chair 6 296 169 494 0.99 
chair 682 192 825 343 0.99 
chair 457 121 549 227 0.99 
chair 366 274 615 485 0.99 
chair 538 228 760 436 0.99 
chair 664 101 769 203 0.99 
chair 652 139 769 247 0.99 
chair 238 132 319 233 0.98 
chair 0 408 163 594 0.98 
chair 142 317 415 589 0.98 
chair 526 148 652 252 0.98 
chair 18 221 157 327 0.98 
chair 554 430 814 606 0.98 
chair 161 144 256 243 0.97 
chair 306 129 391 218 0.97 
chair 251 156 343 273 0.97 
chair 276 180 386 301 0.97 
chair 713 92 810 189 0.96 
chair 365 151 455 269 0.96 
chair 528 166 680 308 0.96 
chair 148 238 344 447 0.96 
chair 310 213 466 375 0.95 
chair 393 115 489 228 0.95 
chair 692 127 823 268 0.94 
chair 538 121 624 175 0.94 
chair 596 108 694 200 0.93 
chair 333 142 390 202 0.93 
chair 741 90 837 204 0.92 
chair 371 115 458 214 0.91 
chair 60 190 167 314 0.89 
chair 611 122 717 233 0.89 
chair 77 160 156 228 0.87 
chair 453 163 555 263 0.80 
chair 176 218 336 340 0.80 
chair 269 128 352 216 0.69 
chair 324 134 419 237 0.61 
chair 293 189 423 328 0.61 
chair 272 154 379 257 0.59 
chair 557 121 666 208 0.54 
chair 161 384 624 611 0.53 
chair 663 173 791 304 0.53 
chair 605 203 809 366 0.51 
chair 42 249 250 474 0.51 
