chair 378 249 501 479 1.00 
chair 522 158 633 256 1.00 
chair 618 148 713 223 1.00 
chair 385 163 527 285 1.00 
chair 698 164 799 248 0.99 
chair 609 168 718 272 0.99 
chair 751 181 835 297 0.99 
chair 195 166 354 336 0.99 
chair 553 213 679 403 0.98 
chair 472 178 614 319 0.98 
desk 95 197 388 601 0.97 
chair 556 504 828 606 0.97 
chair 129 184 308 365 0.93 
desk 606 164 801 282 0.92 
desk 415 491 775 608 0.88 
desk 725 376 835 516 0.88 
chair 643 202 781 308 0.86 
desk 294 183 661 415 0.77 
desk 493 194 715 383 0.69 
desk 196 187 593 494 0.54 
desk 2 141 152 590 0.54 
chair 569 158 687 263 0.52 
chair 378 249 501 479 1.00 
chair 522 158 633 256 1.00 
chair 618 148 713 223 1.00 
chair 385 163 527 285 1.00 
chair 698 164 799 248 0.99 
chair 609 168 718 272 0.99 
chair 751 181 835 297 0.99 
chair 195 166 354 336 0.99 
chair 553 213 679 403 0.98 
chair 472 178 614 319 0.98 
desk 95 197 388 601 0.97 
chair 556 504 828 606 0.97 
chair 129 184 308 365 0.93 
desk 606 164 801 282 0.92 
desk 415 491 775 608 0.88 
desk 725 376 835 516 0.88 
chair 643 202 781 308 0.86 
desk 294 183 661 415 0.77 
desk 493 194 715 383 0.69 
desk 196 187 593 494 0.54 
desk 2 141 152 590 0.54 
chair 569 158 687 263 0.52 
