chair 487 243 614 454 0.99 
chair 209 211 389 457 0.99 
chair 423 171 611 345 0.98 
chair 292 272 534 581 0.98 
desk 632 441 836 607 0.98 
chair 619 225 764 382 0.96 
chair 686 171 804 271 0.94 
desk 482 190 746 440 0.91 
chair 560 169 720 289 0.89 
chair 735 202 832 312 0.88 
desk 597 168 829 371 0.85 
desk 214 182 578 564 0.68 
chair 487 243 614 454 0.99 
chair 209 211 389 457 0.99 
chair 423 171 611 345 0.98 
chair 292 272 534 581 0.98 
desk 632 441 836 607 0.98 
chair 619 225 764 382 0.96 
chair 686 171 804 271 0.94 
desk 482 190 746 440 0.91 
chair 560 169 720 289 0.89 
chair 735 202 832 312 0.88 
desk 597 168 829 371 0.85 
desk 214 182 578 564 0.68 
