chair 236 233 332 355 1.00 
chair 360 263 476 393 1.00 
chair 468 222 568 309 1.00 
chair 172 226 277 340 1.00 
chair 339 209 431 280 0.99 
chair 543 314 723 493 0.99 
chair 436 285 589 438 0.99 
chair 136 195 228 287 0.99 
chair 466 189 557 282 0.99 
chair 723 235 819 373 0.98 
chair 414 192 500 285 0.98 
chair 358 194 451 271 0.98 
chair 97 212 173 274 0.97 
chair 592 229 725 351 0.97 
chair 170 196 276 296 0.97 
chair 393 218 500 325 0.96 
chair 41 204 137 307 0.96 
chair 525 185 616 283 0.95 
chair 620 242 769 381 0.94 
chair 544 206 635 316 0.94 
chair 698 183 794 275 0.93 
chair 578 207 678 303 0.93 
chair 285 196 375 269 0.92 
chair 569 244 666 346 0.92 
chair 627 181 713 269 0.92 
chair 700 289 838 523 0.92 
chair 234 205 330 291 0.91 
chair 665 256 812 422 0.90 
chair 628 216 748 330 0.88 
chair 293 247 397 374 0.85 
chair 65 212 162 293 0.84 
chair 398 268 523 397 0.83 
chair 645 189 741 293 0.81 
chair 734 214 837 326 0.72 
chair 601 275 790 451 0.57 
chair 142 220 221 318 0.56 
desk 0 266 140 461 0.55 
desk 2 316 166 588 0.52 
chair 0 294 55 463 0.51 
chair 236 233 332 355 1.00 
chair 360 263 476 393 1.00 
chair 468 222 568 309 1.00 
chair 172 226 277 340 1.00 
chair 339 209 431 280 0.99 
chair 543 314 723 493 0.99 
chair 436 285 589 438 0.99 
chair 136 195 228 287 0.99 
chair 466 189 557 282 0.99 
chair 723 235 819 373 0.98 
chair 414 192 500 285 0.98 
chair 358 194 451 271 0.98 
chair 97 212 173 274 0.97 
chair 592 229 725 351 0.97 
chair 170 196 276 296 0.97 
chair 393 218 500 325 0.96 
chair 41 204 137 307 0.96 
chair 525 185 616 283 0.95 
chair 620 242 769 381 0.94 
chair 544 206 635 316 0.94 
chair 698 183 794 275 0.93 
chair 578 207 678 303 0.93 
chair 285 196 375 269 0.92 
chair 569 244 666 346 0.92 
chair 627 181 713 269 0.92 
chair 700 289 838 523 0.92 
chair 234 205 330 291 0.91 
chair 665 256 812 422 0.90 
chair 628 216 748 330 0.88 
chair 293 247 397 374 0.85 
chair 65 212 162 293 0.84 
chair 398 268 523 397 0.83 
chair 645 189 741 293 0.81 
chair 734 214 837 326 0.72 
chair 601 275 790 451 0.57 
chair 142 220 221 318 0.56 
desk 0 266 140 461 0.55 
desk 2 316 166 588 0.52 
chair 0 294 55 463 0.51 
