chair 293 290 482 525 1.00 
chair 273 104 375 210 1.00 
chair 153 128 269 192 1.00 
chair 26 119 198 263 1.00 
chair 0 100 93 229 1.00 
chair 211 109 333 225 0.99 
chair 24 87 159 209 0.99 
chair 189 98 292 188 0.98 
chair 24 66 133 164 0.98 
chair 88 70 200 150 0.97 
desk 0 164 415 611 0.97 
chair 0 62 94 183 0.95 
chair 1 161 102 316 0.91 
chair 85 92 209 190 0.90 
chair 11 149 162 302 0.61 
chair 155 83 259 175 0.54 
chair 293 290 482 525 1.00 
chair 273 104 375 210 1.00 
chair 153 128 269 192 1.00 
chair 26 119 198 263 1.00 
chair 0 100 93 229 1.00 
chair 211 109 333 225 0.99 
chair 24 87 159 209 0.99 
chair 189 98 292 188 0.98 
chair 24 66 133 164 0.98 
chair 88 70 200 150 0.97 
desk 0 164 415 611 0.97 
chair 0 62 94 183 0.95 
chair 1 161 102 316 0.91 
chair 85 92 209 190 0.90 
chair 11 149 162 302 0.61 
chair 155 83 259 175 0.54 
