chair 257 105 437 334 1.00 
chair 740 26 837 120 0.99 
chair 192 29 295 173 0.99 
chair 163 16 239 122 0.99 
chair 230 3 304 107 0.99 
chair 751 52 834 159 0.98 
chair 340 0 408 86 0.98 
chair 403 4 483 107 0.97 
chair 533 50 681 192 0.97 
chair 536 133 735 238 0.97 
chair 200 48 357 182 0.96 
chair 298 184 585 560 0.95 
desk 500 181 812 427 0.95 
chair 453 25 555 130 0.95 
chair 666 29 757 123 0.94 
desk 677 56 787 166 0.94 
chair 764 70 835 218 0.92 
chair 374 17 469 137 0.91 
desk 417 94 602 189 0.87 
chair 409 50 529 126 0.75 
desk 345 23 436 124 0.69 
desk 395 59 569 174 0.64 
chair 234 68 381 254 0.64 
desk 368 48 505 156 0.55 
chair 265 147 500 455 0.51 
chair 257 105 437 334 1.00 
chair 740 26 837 120 0.99 
chair 192 29 295 173 0.99 
chair 163 16 239 122 0.99 
chair 230 3 304 107 0.99 
chair 751 52 834 159 0.98 
chair 340 0 408 86 0.98 
chair 403 4 483 107 0.97 
chair 533 50 681 192 0.97 
chair 536 133 735 238 0.97 
chair 200 48 357 182 0.96 
chair 298 184 585 560 0.95 
desk 500 181 812 427 0.95 
chair 453 25 555 130 0.95 
chair 666 29 757 123 0.94 
desk 677 56 787 166 0.94 
chair 764 70 835 218 0.92 
chair 374 17 469 137 0.91 
desk 417 94 602 189 0.87 
chair 409 50 529 126 0.75 
desk 345 23 436 124 0.69 
desk 395 59 569 174 0.64 
chair 234 68 381 254 0.64 
desk 368 48 505 156 0.55 
chair 265 147 500 455 0.51 
