chair 215 203 312 296 1.00 
chair 155 215 259 321 1.00 
chair 35 206 145 309 0.99 
chair 96 231 229 362 0.99 
chair 401 307 535 509 0.98 
chair 105 198 202 289 0.98 
chair 137 206 232 301 0.97 
desk 1 455 168 606 0.97 
desk 370 253 473 372 0.96 
chair 71 203 173 295 0.96 
chair 0 269 97 439 0.95 
chair 28 236 182 384 0.92 
desk 0 237 398 609 0.92 
desk 383 285 485 458 0.85 
chair 215 203 312 296 1.00 
chair 155 215 259 321 1.00 
chair 35 206 145 309 0.99 
chair 96 231 229 362 0.99 
chair 401 307 535 509 0.98 
chair 105 198 202 289 0.98 
chair 137 206 232 301 0.97 
desk 1 455 168 606 0.97 
desk 370 253 473 372 0.96 
chair 71 203 173 295 0.96 
chair 0 269 97 439 0.95 
chair 28 236 182 384 0.92 
desk 0 237 398 609 0.92 
desk 383 285 485 458 0.85 
