chair 743 311 834 418 1.00 
chair 166 443 400 605 0.99 
chair 110 256 225 456 0.99 
chair 597 261 762 337 0.98 
chair 287 285 404 487 0.98 
desk 163 277 373 507 0.97 
desk 548 284 741 544 0.97 
desk 0 377 167 609 0.96 
desk 596 400 840 608 0.95 
chair 327 253 464 411 0.84 
chair 4 232 141 378 0.77 
chair 743 311 834 418 1.00 
chair 166 443 400 605 0.99 
chair 110 256 225 456 0.99 
chair 597 261 762 337 0.98 
chair 287 285 404 487 0.98 
desk 163 277 373 507 0.97 
desk 548 284 741 544 0.97 
desk 0 377 167 609 0.96 
desk 596 400 840 608 0.95 
chair 327 253 464 411 0.84 
chair 4 232 141 378 0.77 
