chair 146 57 236 150 1.00 
chair 406 85 481 151 0.99 
chair 28 60 123 163 0.99 
chair 446 106 575 234 0.99 
chair 195 65 298 169 0.99 
chair 139 184 315 439 0.99 
desk 114 91 258 207 0.98 
chair 291 82 387 184 0.96 
desk 405 139 558 223 0.95 
chair 113 72 219 177 0.93 
chair 608 145 730 339 0.90 
desk 219 214 533 572 0.90 
desk 428 169 631 402 0.85 
chair 404 148 574 341 0.85 
desk 1 122 88 283 0.85 
desk 53 154 261 393 0.82 
desk 172 79 270 177 0.82 
desk 27 94 162 177 0.79 
desk 299 135 403 227 0.76 
desk 230 131 401 249 0.75 
chair 12 85 110 207 0.64 
chair 221 88 362 228 0.64 
chair 74 114 232 265 0.55 
chair 146 57 236 150 1.00 
chair 406 85 481 151 0.99 
chair 28 60 123 163 0.99 
chair 446 106 575 234 0.99 
chair 195 65 298 169 0.99 
chair 139 184 315 439 0.99 
desk 114 91 258 207 0.98 
chair 291 82 387 184 0.96 
desk 405 139 558 223 0.95 
chair 113 72 219 177 0.93 
chair 608 145 730 339 0.90 
desk 219 214 533 572 0.90 
desk 428 169 631 402 0.85 
chair 404 148 574 341 0.85 
desk 1 122 88 283 0.85 
desk 53 154 261 393 0.82 
desk 172 79 270 177 0.82 
desk 27 94 162 177 0.79 
desk 299 135 403 227 0.76 
desk 230 131 401 249 0.75 
chair 12 85 110 207 0.64 
chair 221 88 362 228 0.64 
chair 74 114 232 265 0.55 
