chair 533 348 768 606 1.00 
chair 345 282 536 461 1.00 
chair 465 257 607 390 1.00 
chair 628 317 826 592 1.00 
chair 232 184 334 281 1.00 
chair 513 160 615 250 1.00 
chair 683 168 782 254 1.00 
chair 205 220 291 355 1.00 
chair 407 174 510 272 0.99 
chair 169 205 238 309 0.99 
chair 278 201 389 303 0.99 
chair 301 179 395 277 0.99 
chair 352 170 437 263 0.99 
chair 438 206 538 310 0.99 
chair 500 203 617 320 0.99 
chair 355 227 475 345 0.99 
chair 552 240 664 348 0.99 
chair 642 166 742 262 0.99 
chair 476 166 564 253 0.98 
chair 261 253 395 411 0.98 
chair 681 186 817 306 0.97 
chair 353 203 456 288 0.97 
chair 605 167 708 270 0.97 
chair 755 183 838 275 0.96 
chair 562 158 647 241 0.96 
chair 379 404 706 605 0.96 
chair 617 224 728 344 0.94 
chair 551 191 670 312 0.94 
chair 653 203 782 324 0.92 
chair 690 232 822 386 0.91 
chair 483 178 591 287 0.90 
chair 319 216 435 323 0.89 
chair 382 169 469 254 0.87 
chair 680 286 823 496 0.83 
chair 711 174 810 249 0.77 
chair 785 249 835 412 0.70 
chair 636 191 749 299 0.70 
chair 180 213 274 323 0.68 
chair 294 285 463 435 0.56 
chair 392 212 517 331 0.56 
chair 295 241 419 375 0.50 
chair 452 231 573 321 0.50 
chair 533 348 768 606 1.00 
chair 345 282 536 461 1.00 
chair 465 257 607 390 1.00 
chair 628 317 826 592 1.00 
chair 232 184 334 281 1.00 
chair 513 160 615 250 1.00 
chair 683 168 782 254 1.00 
chair 205 220 291 355 1.00 
chair 407 174 510 272 0.99 
chair 169 205 238 309 0.99 
chair 278 201 389 303 0.99 
chair 301 179 395 277 0.99 
chair 352 170 437 263 0.99 
chair 438 206 538 310 0.99 
chair 500 203 617 320 0.99 
chair 355 227 475 345 0.99 
chair 552 240 664 348 0.99 
chair 642 166 742 262 0.99 
chair 476 166 564 253 0.98 
chair 261 253 395 411 0.98 
chair 681 186 817 306 0.97 
chair 353 203 456 288 0.97 
chair 605 167 708 270 0.97 
chair 755 183 838 275 0.96 
chair 562 158 647 241 0.96 
chair 379 404 706 605 0.96 
chair 617 224 728 344 0.94 
chair 551 191 670 312 0.94 
chair 653 203 782 324 0.92 
chair 690 232 822 386 0.91 
chair 483 178 591 287 0.90 
chair 319 216 435 323 0.89 
chair 382 169 469 254 0.87 
chair 680 286 823 496 0.83 
chair 711 174 810 249 0.77 
chair 785 249 835 412 0.70 
chair 636 191 749 299 0.70 
chair 180 213 274 323 0.68 
chair 294 285 463 435 0.56 
chair 392 212 517 331 0.56 
chair 295 241 419 375 0.50 
chair 452 231 573 321 0.50 
