chair 180 83 303 186 1.00 
chair 188 48 285 113 1.00 
chair 360 88 454 176 1.00 
chair 92 42 193 141 1.00 
chair 426 94 499 170 1.00 
chair 488 97 557 171 1.00 
chair 277 82 378 197 0.99 
chair 382 60 483 162 0.99 
chair 437 55 537 150 0.99 
chair 38 74 211 239 0.98 
desk 185 162 627 593 0.98 
chair 182 62 296 141 0.98 
chair 252 47 372 155 0.97 
desk 0 128 215 604 0.94 
desk 564 183 667 346 0.93 
chair 320 240 597 576 0.92 
chair 320 56 392 137 0.91 
chair 314 60 425 162 0.61 
chair 180 83 303 186 1.00 
chair 188 48 285 113 1.00 
chair 360 88 454 176 1.00 
chair 92 42 193 141 1.00 
chair 426 94 499 170 1.00 
chair 488 97 557 171 1.00 
chair 277 82 378 197 0.99 
chair 382 60 483 162 0.99 
chair 437 55 537 150 0.99 
chair 38 74 211 239 0.98 
desk 185 162 627 593 0.98 
chair 182 62 296 141 0.98 
chair 252 47 372 155 0.97 
desk 0 128 215 604 0.94 
desk 564 183 667 346 0.93 
chair 320 240 597 576 0.92 
chair 320 56 392 137 0.91 
chair 314 60 425 162 0.61 
