chair 441 167 543 235 1.00 
chair 84 262 316 554 1.00 
chair 508 194 613 276 1.00 
chair 718 221 835 293 1.00 
chair 630 191 745 293 0.99 
desk 224 148 713 609 0.99 
chair 509 150 604 207 0.98 
chair 567 146 690 257 0.98 
chair 410 147 502 222 0.97 
chair 658 148 767 245 0.96 
chair 543 169 664 269 0.96 
chair 691 278 833 485 0.95 
chair 597 217 720 330 0.93 
chair 455 113 539 194 0.88 
chair 474 163 598 251 0.65 
chair 586 179 708 275 0.55 
chair 441 167 543 235 1.00 
chair 84 262 316 554 1.00 
chair 508 194 613 276 1.00 
chair 718 221 835 293 1.00 
chair 630 191 745 293 0.99 
desk 224 148 713 609 0.99 
chair 509 150 604 207 0.98 
chair 567 146 690 257 0.98 
chair 410 147 502 222 0.97 
chair 658 148 767 245 0.96 
chair 543 169 664 269 0.96 
chair 691 278 833 485 0.95 
chair 597 217 720 330 0.93 
chair 455 113 539 194 0.88 
chair 474 163 598 251 0.65 
chair 586 179 708 275 0.55 
