chair 141 219 197 300 1.00 
chair 129 228 205 339 1.00 
chair 137 254 224 367 0.99 
chair 173 411 390 603 0.99 
chair 425 280 534 337 0.99 
desk 403 292 547 450 0.98 
chair 172 332 274 499 0.98 
chair 142 276 235 428 0.98 
desk 186 227 671 610 0.96 
desk 375 232 501 323 0.94 
chair 170 357 292 579 0.91 
chair 141 219 197 300 1.00 
chair 129 228 205 339 1.00 
chair 137 254 224 367 0.99 
chair 173 411 390 603 0.99 
chair 425 280 534 337 0.99 
desk 403 292 547 450 0.98 
chair 172 332 274 499 0.98 
chair 142 276 235 428 0.98 
desk 186 227 671 610 0.96 
desk 375 232 501 323 0.94 
chair 170 357 292 579 0.91 
