chair 167 193 323 393 1.00 
chair 445 143 544 275 1.00 
chair 0 267 82 351 1.00 
chair 20 85 128 207 0.99 
chair 410 122 472 192 0.99 
chair 218 129 307 252 0.98 
chair 365 177 525 389 0.98 
desk 80 109 244 270 0.97 
chair 0 283 141 614 0.97 
chair 321 199 491 487 0.97 
chair 227 115 303 203 0.94 
chair 8 229 203 539 0.90 
desk 350 124 447 251 0.88 
chair 7 118 131 276 0.64 
chair 372 120 467 219 0.59 
chair 460 140 550 273 1.00 
chair 0 265 88 353 1.00 
chair 220 122 306 245 1.00 
chair 174 187 321 388 0.99 
chair 1 321 134 576 0.97 
chair 20 90 130 200 0.96 
desk 86 111 241 259 0.93 
chair 410 121 475 187 0.93 
desk 351 120 449 252 0.92 
chair 369 182 521 380 0.87 
desk 292 193 475 485 0.81 
chair 11 223 175 549 0.79 
chair 238 117 300 207 0.67 
chair 427 173 540 363 0.61 
chair 167 193 323 393 1.00 
chair 445 143 544 275 1.00 
chair 0 267 82 351 1.00 
chair 20 85 128 207 0.99 
chair 410 122 472 192 0.99 
chair 218 129 307 252 0.98 
chair 365 177 525 389 0.98 
desk 80 109 244 270 0.97 
chair 0 283 141 614 0.97 
chair 321 199 491 487 0.97 
chair 227 115 303 203 0.94 
chair 8 229 203 539 0.90 
desk 350 124 447 251 0.88 
chair 7 118 131 276 0.64 
chair 372 120 467 219 0.59 
