chair 440 438 724 608 0.99 
chair 390 282 444 422 0.98 
chair 709 401 836 605 0.97 
chair 673 280 812 432 0.97 
chair 429 344 597 542 0.96 
chair 407 301 556 500 0.95 
desk 598 353 842 519 0.85 
desk 552 296 668 360 0.82 
desk 515 410 836 597 0.80 
chair 398 288 491 450 0.53 
chair 440 438 724 608 0.99 
chair 390 282 444 422 0.98 
chair 709 401 836 605 0.97 
chair 673 280 812 432 0.97 
chair 429 344 597 542 0.96 
chair 407 301 556 500 0.95 
desk 598 353 842 519 0.85 
desk 552 296 668 360 0.82 
desk 515 410 836 597 0.80 
chair 398 288 491 450 0.53 
