chair 683 272 837 519 1.00 
chair 490 179 592 307 1.00 
chair 609 224 765 378 1.00 
chair 51 252 208 412 1.00 
chair 735 209 840 348 1.00 
chair 512 137 612 227 0.99 
chair 555 144 672 252 0.99 
chair 545 197 674 334 0.99 
desk 301 137 476 387 0.98 
chair 643 137 781 241 0.98 
chair 613 136 730 226 0.98 
chair 740 194 839 290 0.97 
chair 478 162 534 238 0.94 
chair 712 145 827 251 0.93 
chair 593 162 711 243 0.92 
chair 765 433 835 585 0.91 
desk 328 255 538 521 0.77 
chair 697 181 822 296 0.71 
chair 694 231 827 419 0.70 
chair 505 160 610 265 0.60 
chair 683 272 837 519 1.00 
chair 490 179 592 307 1.00 
chair 609 224 765 378 1.00 
chair 51 252 208 412 1.00 
chair 735 209 840 348 1.00 
chair 512 137 612 227 0.99 
chair 555 144 672 252 0.99 
chair 545 197 674 334 0.99 
desk 301 137 476 387 0.98 
chair 643 137 781 241 0.98 
chair 613 136 730 226 0.98 
chair 740 194 839 290 0.97 
chair 478 162 534 238 0.94 
chair 712 145 827 251 0.93 
chair 593 162 711 243 0.92 
chair 765 433 835 585 0.91 
desk 328 255 538 521 0.77 
chair 697 181 822 296 0.71 
chair 694 231 827 419 0.70 
chair 505 160 610 265 0.60 
