chair 287 112 362 202 1.00 
chair 180 142 310 329 1.00 
chair 117 113 227 233 1.00 
chair 218 177 387 405 1.00 
chair 0 289 61 403 0.99 
chair 246 246 468 540 0.99 
desk 316 217 638 586 0.98 
desk 460 345 836 602 0.96 
desk 260 116 462 226 0.94 
desk 392 302 700 600 0.85 
desk 244 139 407 281 0.81 
chair 125 136 221 290 0.66 
desk 694 147 824 254 0.53 
chair 287 112 362 202 1.00 
chair 180 142 310 329 1.00 
chair 117 113 227 233 1.00 
chair 218 177 387 405 1.00 
chair 0 289 61 403 0.99 
chair 246 246 468 540 0.99 
desk 316 217 638 586 0.98 
desk 460 345 836 602 0.96 
desk 260 116 462 226 0.94 
desk 392 302 700 600 0.85 
desk 244 139 407 281 0.81 
chair 125 136 221 290 0.66 
desk 694 147 824 254 0.53 
