chair 472 182 592 293 1.00 
chair 371 200 506 363 1.00 
chair 627 216 777 411 1.00 
chair 429 138 542 240 1.00 
chair 700 200 822 304 1.00 
chair 367 159 469 218 1.00 
chair 490 121 592 230 1.00 
chair 158 192 254 311 1.00 
chair 239 217 389 450 0.99 
chair 8 272 193 495 0.99 
chair 506 253 691 442 0.99 
chair 272 170 363 248 0.99 
chair 550 164 653 253 0.99 
chair 329 296 569 566 0.98 
chair 610 147 699 216 0.98 
chair 2 182 88 263 0.98 
chair 570 227 735 425 0.97 
chair 555 128 619 184 0.97 
chair 0 216 82 393 0.96 
chair 573 154 671 233 0.78 
chair 657 134 759 223 0.57 
chair 389 136 503 228 0.52 
chair 472 182 592 293 1.00 
chair 371 200 506 363 1.00 
chair 627 216 777 411 1.00 
chair 429 138 542 240 1.00 
chair 700 200 822 304 1.00 
chair 367 159 469 218 1.00 
chair 490 121 592 230 1.00 
chair 158 192 254 311 1.00 
chair 239 217 389 450 0.99 
chair 8 272 193 495 0.99 
chair 506 253 691 442 0.99 
chair 272 170 363 248 0.99 
chair 550 164 653 253 0.99 
chair 329 296 569 566 0.98 
chair 610 147 699 216 0.98 
chair 2 182 88 263 0.98 
chair 570 227 735 425 0.97 
chair 555 128 619 184 0.97 
chair 0 216 82 393 0.96 
chair 573 154 671 233 0.78 
chair 657 134 759 223 0.57 
chair 389 136 503 228 0.52 
