chair 506 79 690 330 0.98 
chair 701 26 823 149 0.95 
chair 274 1 339 57 0.95 
chair 720 9 812 90 0.95 
chair 595 5 673 82 0.95 
chair 445 5 518 119 0.94 
chair 768 11 836 142 0.94 
chair 191 31 329 131 0.92 
chair 569 3 637 79 0.90 
chair 244 7 334 119 0.89 
desk 566 101 790 337 0.89 
chair 604 2 701 109 0.89 
desk 218 162 471 578 0.88 
desk 279 38 410 189 0.85 
chair 145 132 425 488 0.84 
chair 461 23 491 118 0.83 
chair 499 46 630 203 0.82 
chair 213 68 391 207 0.80 
chair 584 154 828 525 0.80 
chair 434 4 483 106 0.74 
desk 469 23 560 139 0.68 
desk 291 16 360 104 0.62 
desk 552 62 677 211 0.54 
chair 506 79 690 330 0.98 
chair 701 26 823 149 0.95 
chair 274 1 339 57 0.95 
chair 720 9 812 90 0.95 
chair 595 5 673 82 0.95 
chair 445 5 518 119 0.94 
chair 768 11 836 142 0.94 
chair 191 31 329 131 0.92 
chair 569 3 637 79 0.90 
chair 244 7 334 119 0.89 
desk 566 101 790 337 0.89 
chair 604 2 701 109 0.89 
desk 218 162 471 578 0.88 
desk 279 38 410 189 0.85 
chair 145 132 425 488 0.84 
chair 461 23 491 118 0.83 
chair 499 46 630 203 0.82 
chair 213 68 391 207 0.80 
chair 584 154 828 525 0.80 
chair 434 4 483 106 0.74 
desk 469 23 560 139 0.68 
desk 291 16 360 104 0.62 
desk 552 62 677 211 0.54 
