chair 592 89 697 167 0.99 
chair 15 157 169 325 0.99 
chair 372 254 593 553 0.99 
chair 362 115 460 228 0.96 
chair 538 222 673 445 0.95 
desk 429 76 597 159 0.95 
desk 0 406 345 606 0.94 
desk 549 154 765 376 0.94 
chair 219 200 389 447 0.94 
desk 112 195 307 409 0.93 
chair 240 134 381 294 0.92 
desk 579 132 833 261 0.88 
chair 449 150 574 241 0.88 
desk 269 150 421 229 0.77 
chair 0 195 137 400 0.71 
desk 2 273 157 527 0.66 
chair 564 151 704 270 0.53 
chair 592 89 697 167 0.99 
chair 15 157 169 325 0.99 
chair 372 254 593 553 0.99 
chair 362 115 460 228 0.96 
chair 538 222 673 445 0.95 
desk 429 76 597 159 0.95 
desk 0 406 345 606 0.94 
desk 549 154 765 376 0.94 
chair 219 200 389 447 0.94 
desk 112 195 307 409 0.93 
chair 240 134 381 294 0.92 
desk 579 132 833 261 0.88 
chair 449 150 574 241 0.88 
desk 269 150 421 229 0.77 
chair 0 195 137 400 0.71 
desk 2 273 157 527 0.66 
chair 564 151 704 270 0.53 
