chair 516 274 722 491 1.00 
chair 160 121 269 233 1.00 
chair 232 184 409 354 0.99 
chair 364 165 500 286 0.99 
chair 545 145 629 248 0.99 
chair 317 242 546 539 0.99 
chair 459 120 554 214 0.99 
chair 147 270 372 598 0.99 
chair 717 219 819 374 0.98 
chair 400 128 504 250 0.98 
desk 79 202 574 539 0.97 
chair 75 143 188 263 0.94 
chair 581 178 682 300 0.93 
desk 605 192 814 327 0.90 
desk 43 124 330 254 0.88 
desk 457 145 633 251 0.86 
desk 100 74 307 170 0.79 
desk 101 146 438 283 0.77 
chair 115 184 260 252 0.76 
chair 120 217 273 322 0.71 
desk 117 164 546 363 0.59 
chair 516 274 722 491 1.00 
chair 160 121 269 233 1.00 
chair 232 184 409 354 0.99 
chair 364 165 500 286 0.99 
chair 545 145 629 248 0.99 
chair 317 242 546 539 0.99 
chair 459 120 554 214 0.99 
chair 147 270 372 598 0.99 
chair 717 219 819 374 0.98 
chair 400 128 504 250 0.98 
desk 79 202 574 539 0.97 
chair 75 143 188 263 0.94 
chair 581 178 682 300 0.93 
desk 605 192 814 327 0.90 
desk 43 124 330 254 0.88 
desk 457 145 633 251 0.86 
desk 100 74 307 170 0.79 
desk 101 146 438 283 0.77 
chair 115 184 260 252 0.76 
chair 120 217 273 322 0.71 
desk 117 164 546 363 0.59 
