chair 405 247 516 369 1.00 
chair 536 197 621 305 1.00 
chair 329 254 509 524 1.00 
chair 718 215 823 328 1.00 
chair 627 210 714 317 1.00 
chair 468 211 544 336 1.00 
chair 629 374 834 602 0.99 
chair 705 305 833 539 0.99 
chair 436 235 521 336 0.98 
chair 405 247 516 369 1.00 
chair 536 197 621 305 1.00 
chair 329 254 509 524 1.00 
chair 718 215 823 328 1.00 
chair 627 210 714 317 1.00 
chair 468 211 544 336 1.00 
chair 629 374 834 602 0.99 
chair 705 305 833 539 0.99 
chair 436 235 521 336 0.98 
