chair 623 301 828 570 1.00 
chair 159 270 384 485 1.00 
chair 401 181 501 249 1.00 
chair 281 213 405 323 1.00 
chair 63 241 238 435 1.00 
chair 413 144 495 231 1.00 
chair 206 190 319 288 0.99 
chair 328 172 423 268 0.99 
chair 292 324 521 599 0.99 
chair 102 147 209 251 0.99 
chair 343 133 441 211 0.99 
chair 483 270 667 415 0.99 
chair 196 131 299 230 0.99 
chair 509 201 590 319 0.99 
chair 712 184 773 244 0.98 
chair 679 259 830 385 0.98 
chair 141 165 242 252 0.98 
chair 605 156 715 266 0.98 
chair 667 197 745 292 0.98 
chair 19 209 147 351 0.97 
chair 574 225 716 339 0.96 
chair 532 144 631 237 0.96 
chair 375 139 469 226 0.92 
chair 749 233 836 333 0.92 
chair 261 156 355 218 0.90 
chair 375 233 516 351 0.87 
chair 513 158 594 238 0.83 
chair 565 195 671 313 0.83 
chair 242 189 367 298 0.82 
chair 507 174 565 251 0.74 
chair 294 185 402 282 0.73 
chair 565 159 663 268 0.73 
chair 175 163 300 260 0.67 
chair 63 143 144 208 0.61 
chair 343 220 468 339 0.59 
chair 688 198 758 265 0.58 
chair 637 175 734 286 0.56 
chair 296 162 392 246 0.56 
chair 168 139 265 240 0.54 
chair 623 301 828 570 1.00 
chair 159 270 384 485 1.00 
chair 401 181 501 249 1.00 
chair 281 213 405 323 1.00 
chair 63 241 238 435 1.00 
chair 413 144 495 231 1.00 
chair 206 190 319 288 0.99 
chair 328 172 423 268 0.99 
chair 292 324 521 599 0.99 
chair 102 147 209 251 0.99 
chair 343 133 441 211 0.99 
chair 483 270 667 415 0.99 
chair 196 131 299 230 0.99 
chair 509 201 590 319 0.99 
chair 712 184 773 244 0.98 
chair 679 259 830 385 0.98 
chair 141 165 242 252 0.98 
chair 605 156 715 266 0.98 
chair 667 197 745 292 0.98 
chair 19 209 147 351 0.97 
chair 574 225 716 339 0.96 
chair 532 144 631 237 0.96 
chair 375 139 469 226 0.92 
chair 749 233 836 333 0.92 
chair 261 156 355 218 0.90 
chair 375 233 516 351 0.87 
chair 513 158 594 238 0.83 
chair 565 195 671 313 0.83 
chair 242 189 367 298 0.82 
chair 507 174 565 251 0.74 
chair 294 185 402 282 0.73 
chair 565 159 663 268 0.73 
chair 175 163 300 260 0.67 
chair 63 143 144 208 0.61 
chair 343 220 468 339 0.59 
chair 688 198 758 265 0.58 
chair 637 175 734 286 0.56 
chair 296 162 392 246 0.56 
chair 168 139 265 240 0.54 
