chair 411 439 682 607 1.00 
chair 173 206 287 325 0.99 
desk 420 273 586 508 0.98 
chair 55 322 279 556 0.98 
chair 535 306 657 456 0.98 
chair 0 365 150 563 0.96 
chair 287 240 377 342 0.96 
chair 348 257 463 358 0.92 
desk 29 207 198 287 0.90 
desk 0 282 165 454 0.89 
chair 58 210 210 362 0.79 
chair 569 300 682 433 0.76 
desk 174 239 377 373 0.74 
desk 5 348 426 607 0.73 
chair 319 251 418 354 0.51 
chair 411 439 682 607 1.00 
chair 173 206 287 325 0.99 
desk 420 273 586 508 0.98 
chair 55 322 279 556 0.98 
chair 535 306 657 456 0.98 
chair 0 365 150 563 0.96 
chair 287 240 377 342 0.96 
chair 348 257 463 358 0.92 
desk 29 207 198 287 0.90 
desk 0 282 165 454 0.89 
chair 58 210 210 362 0.79 
chair 569 300 682 433 0.76 
desk 174 239 377 373 0.74 
desk 5 348 426 607 0.73 
chair 319 251 418 354 0.51 
