chair 392 242 586 439 1.00 
chair 255 124 334 223 1.00 
chair 246 239 416 422 0.99 
chair 339 136 418 240 0.99 
chair 13 129 111 265 0.99 
desk 235 157 453 249 0.98 
desk 204 267 607 528 0.98 
chair 0 100 90 231 0.97 
chair 335 128 389 195 0.96 
chair 53 113 159 211 0.95 
chair 266 165 361 298 0.91 
desk 3 198 108 337 0.88 
chair 358 170 473 304 0.82 
desk 23 111 168 253 0.63 
desk 323 165 457 267 0.55 
chair 392 242 586 439 1.00 
chair 255 124 334 223 1.00 
chair 246 239 416 422 0.99 
chair 339 136 418 240 0.99 
chair 13 129 111 265 0.99 
desk 235 157 453 249 0.98 
desk 204 267 607 528 0.98 
chair 0 100 90 231 0.97 
chair 335 128 389 195 0.96 
chair 53 113 159 211 0.95 
chair 266 165 361 298 0.91 
desk 3 198 108 337 0.88 
chair 358 170 473 304 0.82 
desk 23 111 168 253 0.63 
desk 323 165 457 267 0.55 
