chair 329 1 448 135 0.99 
chair 82 3 235 167 0.97 
chair 0 5 146 250 0.97 
chair 470 14 630 187 0.96 
chair 229 24 370 174 0.96 
chair 612 38 803 244 0.95 
desk 150 139 586 612 0.95 
chair 28 73 239 304 0.92 
chair 525 144 783 426 0.92 
desk 423 90 680 354 0.86 
desk 386 36 590 159 0.85 
chair 30 1 192 199 0.73 
desk 264 12 434 175 0.61 
desk 562 83 803 318 0.52 
chair 329 1 448 135 0.99 
chair 82 3 235 167 0.97 
chair 0 5 146 250 0.97 
chair 470 14 630 187 0.96 
chair 229 24 370 174 0.96 
chair 612 38 803 244 0.95 
desk 150 139 586 612 0.95 
chair 28 73 239 304 0.92 
chair 525 144 783 426 0.92 
desk 423 90 680 354 0.86 
desk 386 36 590 159 0.85 
chair 30 1 192 199 0.73 
desk 264 12 434 175 0.61 
desk 562 83 803 318 0.52 
