chair 115 90 186 171 1.00 
chair 287 229 545 554 1.00 
chair 130 95 187 146 1.00 
chair 198 150 359 386 1.00 
chair 59 99 178 221 0.99 
chair 246 119 358 244 0.99 
desk 332 116 542 222 0.97 
desk 419 223 716 581 0.92 
chair 726 395 838 607 0.89 
desk 494 327 837 606 0.88 
desk 326 137 382 293 0.85 
desk 0 250 102 595 0.67 
chair 115 90 186 171 1.00 
chair 287 229 545 554 1.00 
chair 130 95 187 146 1.00 
chair 198 150 359 386 1.00 
chair 59 99 178 221 0.99 
chair 246 119 358 244 0.99 
desk 332 116 542 222 0.97 
desk 419 223 716 581 0.92 
chair 726 395 838 607 0.89 
desk 494 327 837 606 0.88 
desk 326 137 382 293 0.85 
desk 0 250 102 595 0.67 
