chair 241 176 367 300 1.00 
chair 541 138 646 247 1.00 
chair 461 138 557 241 1.00 
desk 136 126 481 220 0.99 
chair 738 148 821 232 0.99 
chair 635 147 736 246 0.98 
chair 343 228 601 527 0.98 
chair 671 147 764 239 0.98 
chair 265 214 442 424 0.97 
desk 459 166 682 281 0.92 
desk 406 220 794 445 0.92 
chair 540 400 844 605 0.90 
desk 2 131 159 315 0.89 
desk 360 179 497 302 0.75 
chair 241 176 367 300 1.00 
chair 541 138 646 247 1.00 
chair 461 138 557 241 1.00 
desk 136 126 481 220 0.99 
chair 738 148 821 232 0.99 
chair 635 147 736 246 0.98 
chair 343 228 601 527 0.98 
chair 671 147 764 239 0.98 
chair 265 214 442 424 0.97 
desk 459 166 682 281 0.92 
desk 406 220 794 445 0.92 
chair 540 400 844 605 0.90 
desk 2 131 159 315 0.89 
desk 360 179 497 302 0.75 
