chair 108 221 196 324 1.00 
chair 653 320 812 423 0.99 
desk 0 466 158 606 0.99 
chair 532 264 660 392 0.99 
chair 424 272 525 386 0.98 
chair 635 252 731 349 0.98 
chair 0 487 77 609 0.96 
desk 110 254 287 351 0.95 
chair 710 267 827 389 0.94 
chair 462 315 631 512 0.94 
chair 1 260 116 418 0.91 
chair 8 325 188 537 0.91 
chair 663 444 836 607 0.88 
chair 90 293 227 425 0.84 
desk 13 225 116 334 0.77 
desk 530 415 839 617 0.70 
desk 78 322 227 527 0.57 
desk 432 282 599 396 0.51 
desk 27 252 168 347 0.50 
chair 108 221 196 324 1.00 
chair 653 320 812 423 0.99 
desk 0 466 158 606 0.99 
chair 532 264 660 392 0.99 
chair 424 272 525 386 0.98 
chair 635 252 731 349 0.98 
chair 0 487 77 609 0.96 
desk 110 254 287 351 0.95 
chair 710 267 827 389 0.94 
chair 462 315 631 512 0.94 
chair 1 260 116 418 0.91 
chair 8 325 188 537 0.91 
chair 663 444 836 607 0.88 
chair 90 293 227 425 0.84 
desk 13 225 116 334 0.77 
desk 530 415 839 617 0.70 
desk 78 322 227 527 0.57 
desk 432 282 599 396 0.51 
desk 27 252 168 347 0.50 
