chair 409 270 589 444 1.00 
chair 264 384 581 605 1.00 
chair 544 325 755 505 1.00 
chair 151 316 386 561 0.99 
chair 548 248 716 375 0.99 
chair 477 227 596 332 0.99 
chair 70 252 282 472 0.99 
chair 0 134 97 245 0.99 
chair 672 262 829 480 0.99 
chair 588 205 696 272 0.98 
chair 307 237 450 381 0.98 
chair 261 215 398 322 0.97 
chair 399 153 494 259 0.97 
chair 371 139 465 226 0.97 
chair 17 118 99 207 0.97 
chair 137 121 207 209 0.96 
chair 407 190 491 288 0.96 
chair 27 215 182 360 0.95 
chair 443 155 549 266 0.95 
chair 15 188 149 319 0.95 
chair 46 241 222 411 0.95 
chair 168 151 265 274 0.94 
chair 255 131 303 197 0.94 
chair 668 210 819 369 0.93 
chair 322 153 401 218 0.91 
chair 505 175 622 285 0.91 
chair 8 158 112 281 0.91 
chair 342 182 418 279 0.89 
chair 741 216 834 381 0.88 
chair 147 140 225 248 0.86 
chair 205 186 320 303 0.84 
chair 568 222 697 335 0.77 
chair 131 114 183 190 0.73 
chair 279 162 354 231 0.72 
chair 251 134 322 219 0.72 
chair 655 196 798 306 0.69 
chair 556 284 716 446 0.69 
chair 354 155 434 249 0.69 
chair 620 190 734 284 0.54 
chair 359 263 536 422 0.53 
chair 34 160 174 262 0.52 
chair 409 270 589 444 1.00 
chair 264 384 581 605 1.00 
chair 544 325 755 505 1.00 
chair 151 316 386 561 0.99 
chair 548 248 716 375 0.99 
chair 477 227 596 332 0.99 
chair 70 252 282 472 0.99 
chair 0 134 97 245 0.99 
chair 672 262 829 480 0.99 
chair 588 205 696 272 0.98 
chair 307 237 450 381 0.98 
chair 261 215 398 322 0.97 
chair 399 153 494 259 0.97 
chair 371 139 465 226 0.97 
chair 17 118 99 207 0.97 
chair 137 121 207 209 0.96 
chair 407 190 491 288 0.96 
chair 27 215 182 360 0.95 
chair 443 155 549 266 0.95 
chair 15 188 149 319 0.95 
chair 46 241 222 411 0.95 
chair 168 151 265 274 0.94 
chair 255 131 303 197 0.94 
chair 668 210 819 369 0.93 
chair 322 153 401 218 0.91 
chair 505 175 622 285 0.91 
chair 8 158 112 281 0.91 
chair 342 182 418 279 0.89 
chair 741 216 834 381 0.88 
chair 147 140 225 248 0.86 
chair 205 186 320 303 0.84 
chair 568 222 697 335 0.77 
chair 131 114 183 190 0.73 
chair 279 162 354 231 0.72 
chair 251 134 322 219 0.72 
chair 655 196 798 306 0.69 
chair 556 284 716 446 0.69 
chair 354 155 434 249 0.69 
chair 620 190 734 284 0.54 
chair 359 263 536 422 0.53 
chair 34 160 174 262 0.52 
