chair 249 120 360 255 1.00 
chair 117 115 237 253 1.00 
chair 785 202 836 297 1.00 
chair 474 144 566 244 0.99 
chair 371 143 485 258 0.99 
chair 592 144 690 237 0.98 
chair 540 145 632 236 0.96 
chair 692 173 796 267 0.95 
chair 546 181 694 324 0.94 
desk 73 183 207 361 0.93 
desk 553 226 755 438 0.93 
desk 0 245 136 607 0.92 
chair 361 252 576 519 0.90 
desk 404 182 573 271 0.90 
desk 556 163 693 259 0.88 
desk 461 169 609 271 0.85 
desk 211 184 408 422 0.79 
desk 312 159 432 245 0.78 
desk 621 219 800 421 0.75 
chair 502 148 614 250 0.73 
chair 101 141 224 310 0.67 
desk 662 195 820 294 0.66 
chair 747 211 836 318 0.63 
chair 249 120 360 255 1.00 
chair 117 115 237 253 1.00 
chair 785 202 836 297 1.00 
chair 474 144 566 244 0.99 
chair 371 143 485 258 0.99 
chair 592 144 690 237 0.98 
chair 540 145 632 236 0.96 
chair 692 173 796 267 0.95 
chair 546 181 694 324 0.94 
desk 73 183 207 361 0.93 
desk 553 226 755 438 0.93 
desk 0 245 136 607 0.92 
chair 361 252 576 519 0.90 
desk 404 182 573 271 0.90 
desk 556 163 693 259 0.88 
desk 461 169 609 271 0.85 
desk 211 184 408 422 0.79 
desk 312 159 432 245 0.78 
desk 621 219 800 421 0.75 
chair 502 148 614 250 0.73 
chair 101 141 224 310 0.67 
desk 662 195 820 294 0.66 
chair 747 211 836 318 0.63 
