chair 506 45 643 189 1.00 
chair 267 95 406 270 1.00 
chair 303 126 496 384 1.00 
chair 442 49 556 159 1.00 
chair 611 48 752 269 1.00 
chair 371 40 461 143 0.99 
chair 351 145 590 473 0.99 
chair 234 80 292 242 0.97 
chair 672 78 822 280 0.96 
chair 225 87 368 248 0.96 
table 301 72 824 369 0.93 
table 159 116 592 532 0.92 
chair 506 45 643 189 1.00 
chair 267 95 406 270 1.00 
chair 303 126 496 384 1.00 
chair 442 49 556 159 1.00 
chair 611 48 752 269 1.00 
chair 371 40 461 143 0.99 
chair 351 145 590 473 0.99 
chair 234 80 292 242 0.97 
chair 672 78 822 280 0.96 
chair 225 87 368 248 0.96 
table 301 72 824 369 0.93 
table 159 116 592 532 0.92 
