chair 399 56 475 159 1.00 
chair 225 55 307 158 1.00 
chair 277 94 370 252 1.00 
chair 343 68 441 212 1.00 
chair 440 36 513 131 1.00 
chair 195 111 303 368 0.99 
chair 169 58 269 178 0.99 
chair 1 120 117 263 0.99 
chair 416 43 491 139 0.98 
chair 54 91 170 230 0.95 
table 5 107 557 605 0.93 
table 36 72 385 342 0.93 
chair 374 60 459 180 0.89 
chair 305 79 419 233 0.76 
chair 10 88 138 215 0.62 
chair 399 56 475 159 1.00 
chair 225 55 307 158 1.00 
chair 277 94 370 252 1.00 
chair 343 68 441 212 1.00 
chair 440 36 513 131 1.00 
chair 195 111 303 368 0.99 
chair 169 58 269 178 0.99 
chair 1 120 117 263 0.99 
chair 416 43 491 139 0.98 
chair 54 91 170 230 0.95 
table 5 107 557 605 0.93 
table 36 72 385 342 0.93 
chair 374 60 459 180 0.89 
chair 305 79 419 233 0.76 
chair 10 88 138 215 0.62 
