chair 246 75 364 196 1.00 
desk 569 1 698 78 1.00 
chair 361 52 461 153 0.99 
chair 567 55 658 153 0.99 
chair 98 198 238 377 0.99 
chair 69 85 220 221 0.96 
chair 487 115 677 311 0.96 
chair 318 81 443 221 0.95 
chair 435 63 562 198 0.94 
desk 3 241 213 603 0.94 
chair 732 132 832 272 0.94 
chair 162 162 332 317 0.93 
chair 230 186 529 547 0.93 
chair 383 114 545 306 0.91 
chair 634 83 790 205 0.90 
chair 494 42 585 133 0.86 
desk 421 112 804 399 0.82 
chair 479 171 706 431 0.79 
desk 119 94 349 300 0.74 
desk 576 89 834 322 0.72 
desk 299 141 685 569 0.68 
chair 679 88 827 231 0.61 
chair 126 181 279 345 0.60 
desk 309 61 498 184 0.59 
desk 468 53 638 166 0.53 
chair 246 75 364 196 1.00 
desk 569 1 698 78 1.00 
chair 361 52 461 153 0.99 
chair 567 55 658 153 0.99 
chair 98 198 238 377 0.99 
chair 69 85 220 221 0.96 
chair 487 115 677 311 0.96 
chair 318 81 443 221 0.95 
chair 435 63 562 198 0.94 
desk 3 241 213 603 0.94 
chair 732 132 832 272 0.94 
chair 162 162 332 317 0.93 
chair 230 186 529 547 0.93 
chair 383 114 545 306 0.91 
chair 634 83 790 205 0.90 
chair 494 42 585 133 0.86 
desk 421 112 804 399 0.82 
chair 479 171 706 431 0.79 
desk 119 94 349 300 0.74 
desk 576 89 834 322 0.72 
desk 299 141 685 569 0.68 
chair 679 88 827 231 0.61 
chair 126 181 279 345 0.60 
desk 309 61 498 184 0.59 
desk 468 53 638 166 0.53 
