chair 256 169 455 403 0.99 
chair 224 47 330 159 0.98 
chair 402 73 513 188 0.98 
chair 149 66 266 194 0.97 
chair 555 94 671 216 0.96 
chair 74 39 195 155 0.96 
chair 58 129 181 228 0.95 
desk 644 31 833 341 0.93 
chair 318 96 449 215 0.93 
chair 7 48 131 173 0.93 
chair 373 141 539 226 0.89 
desk 56 131 406 353 0.88 
chair 204 71 333 219 0.88 
chair 19 79 152 210 0.88 
desk 282 157 626 528 0.88 
chair 8 93 106 228 0.81 
chair 323 74 428 179 0.80 
chair 474 107 621 261 0.78 
chair 61 66 194 212 0.72 
chair 26 120 227 242 0.69 
chair 268 71 351 162 0.69 
desk 36 105 317 273 0.64 
desk 415 99 606 213 0.64 
desk 57 66 328 212 0.63 
desk 542 108 682 287 0.56 
chair 100 64 233 180 0.53 
desk 174 142 528 442 0.51 
chair 256 169 455 403 0.99 
chair 224 47 330 159 0.98 
chair 402 73 513 188 0.98 
chair 149 66 266 194 0.97 
chair 555 94 671 216 0.96 
chair 74 39 195 155 0.96 
chair 58 129 181 228 0.95 
desk 644 31 833 341 0.93 
chair 318 96 449 215 0.93 
chair 7 48 131 173 0.93 
chair 373 141 539 226 0.89 
desk 56 131 406 353 0.88 
chair 204 71 333 219 0.88 
chair 19 79 152 210 0.88 
desk 282 157 626 528 0.88 
chair 8 93 106 228 0.81 
chair 323 74 428 179 0.80 
chair 474 107 621 261 0.78 
chair 61 66 194 212 0.72 
chair 26 120 227 242 0.69 
chair 268 71 351 162 0.69 
desk 36 105 317 273 0.64 
desk 415 99 606 213 0.64 
desk 57 66 328 212 0.63 
desk 542 108 682 287 0.56 
chair 100 64 233 180 0.53 
desk 174 142 528 442 0.51 
