chair 422 218 506 321 1.00 
chair 162 411 471 609 0.99 
chair 255 256 371 372 0.99 
chair 500 228 586 331 0.98 
chair 363 258 478 379 0.98 
chair 330 293 493 488 0.98 
chair 638 276 793 432 0.98 
chair 346 209 426 311 0.98 
chair 1 393 206 587 0.97 
chair 309 233 391 325 0.97 
chair 703 334 832 550 0.97 
chair 571 218 653 315 0.95 
chair 533 315 726 545 0.94 
chair 215 299 340 500 0.94 
chair 528 462 817 603 0.92 
chair 596 248 704 353 0.92 
chair 392 247 489 348 0.89 
desk 234 258 474 365 0.88 
desk 286 230 496 305 0.86 
desk 38 328 530 547 0.85 
chair 0 202 75 349 0.83 
chair 509 277 689 406 0.81 
desk 26 213 202 313 0.81 
chair 17 216 113 353 0.74 
desk 151 283 515 447 0.55 
chair 422 218 506 321 1.00 
chair 162 411 471 609 0.99 
chair 255 256 371 372 0.99 
chair 500 228 586 331 0.98 
chair 363 258 478 379 0.98 
chair 330 293 493 488 0.98 
chair 638 276 793 432 0.98 
chair 346 209 426 311 0.98 
chair 1 393 206 587 0.97 
chair 309 233 391 325 0.97 
chair 703 334 832 550 0.97 
chair 571 218 653 315 0.95 
chair 533 315 726 545 0.94 
chair 215 299 340 500 0.94 
chair 528 462 817 603 0.92 
chair 596 248 704 353 0.92 
chair 392 247 489 348 0.89 
desk 234 258 474 365 0.88 
desk 286 230 496 305 0.86 
desk 38 328 530 547 0.85 
chair 0 202 75 349 0.83 
chair 509 277 689 406 0.81 
desk 26 213 202 313 0.81 
chair 17 216 113 353 0.74 
desk 151 283 515 447 0.55 
