chair 5 386 124 534 0.98 
chair 419 328 506 448 0.95 
chair 630 305 777 471 0.94 
chair 533 331 637 439 0.94 
chair 168 369 328 592 0.92 
chair 550 301 670 410 0.91 
chair 346 269 453 384 0.89 
desk 356 342 575 559 0.85 
chair 353 311 427 437 0.84 
desk 105 376 275 605 0.83 
desk 443 284 582 364 0.77 
chair 440 274 532 351 0.76 
chair 511 289 594 368 0.75 
chair 229 290 311 387 0.70 
desk 523 305 756 463 0.69 
desk 119 291 229 418 0.68 
chair 172 333 297 494 0.65 
chair 433 296 516 392 0.61 
desk 118 313 234 511 0.52 
chair 5 386 124 534 0.98 
chair 419 328 506 448 0.95 
chair 630 305 777 471 0.94 
chair 533 331 637 439 0.94 
chair 168 369 328 592 0.92 
chair 550 301 670 410 0.91 
chair 346 269 453 384 0.89 
desk 356 342 575 559 0.85 
chair 353 311 427 437 0.84 
desk 105 376 275 605 0.83 
desk 443 284 582 364 0.77 
chair 440 274 532 351 0.76 
chair 511 289 594 368 0.75 
chair 229 290 311 387 0.70 
desk 523 305 756 463 0.69 
desk 119 291 229 418 0.68 
chair 172 333 297 494 0.65 
chair 433 296 516 392 0.61 
desk 118 313 234 511 0.52 
