chair 495 57 601 137 1.00 
chair 287 46 390 145 0.99 
desk 366 47 490 169 0.98 
chair 157 178 435 513 0.97 
chair 233 93 388 274 0.97 
chair 528 68 684 259 0.94 
chair 716 83 833 237 0.93 
chair 583 189 825 565 0.91 
chair 534 144 725 358 0.91 
desk 309 125 579 617 0.86 
chair 81 18 218 149 0.84 
chair 252 57 371 177 0.82 
desk 2 72 231 552 0.80 
chair 679 62 813 190 0.72 
chair 15 22 172 205 0.70 
chair 495 57 601 137 1.00 
chair 287 46 390 145 0.99 
desk 366 47 490 169 0.98 
chair 157 178 435 513 0.97 
chair 233 93 388 274 0.97 
chair 528 68 684 259 0.94 
chair 716 83 833 237 0.93 
chair 583 189 825 565 0.91 
chair 534 144 725 358 0.91 
desk 309 125 579 617 0.86 
chair 81 18 218 149 0.84 
chair 252 57 371 177 0.82 
desk 2 72 231 552 0.80 
chair 679 62 813 190 0.72 
chair 15 22 172 205 0.70 
