chair 309 110 437 249 1.00 
chair 653 324 833 562 0.99 
chair 187 127 316 210 0.99 
chair 283 91 368 176 0.99 
chair 695 154 828 266 0.99 
chair 548 160 678 251 0.99 
chair 398 186 576 329 0.98 
chair 487 90 607 161 0.93 
chair 447 395 813 609 0.93 
chair 291 304 544 533 0.90 
desk 136 167 561 367 0.89 
desk 81 128 452 305 0.88 
desk 523 144 750 253 0.86 
desk 323 260 844 611 0.85 
desk 346 99 577 165 0.76 
chair 729 278 834 423 0.69 
chair 332 110 519 231 0.64 
chair 149 132 336 302 0.64 
chair 96 130 348 234 0.55 
chair 536 311 801 575 0.51 
chair 572 177 714 291 0.50 
chair 309 110 437 249 1.00 
chair 653 324 833 562 0.99 
chair 187 127 316 210 0.99 
chair 283 91 368 176 0.99 
chair 695 154 828 266 0.99 
chair 548 160 678 251 0.99 
chair 398 186 576 329 0.98 
chair 487 90 607 161 0.93 
chair 447 395 813 609 0.93 
chair 291 304 544 533 0.90 
desk 136 167 561 367 0.89 
desk 81 128 452 305 0.88 
desk 523 144 750 253 0.86 
desk 323 260 844 611 0.85 
desk 346 99 577 165 0.76 
chair 729 278 834 423 0.69 
chair 332 110 519 231 0.64 
chair 149 132 336 302 0.64 
chair 96 130 348 234 0.55 
chair 536 311 801 575 0.51 
chair 572 177 714 291 0.50 
