table 540 255 833 456 1.00 
chair 352 199 429 329 1.00 
table 176 255 576 508 0.99 
chair 564 164 670 285 0.99 
chair 467 179 546 307 0.99 
chair 594 210 711 335 0.99 
chair 396 170 441 265 0.99 
chair 702 258 833 448 0.96 
chair 1 186 74 323 0.91 
table 336 193 512 254 0.91 
chair 3 170 129 305 0.88 
table 540 255 833 456 1.00 
chair 352 199 429 329 1.00 
table 176 255 576 508 0.99 
chair 564 164 670 285 0.99 
chair 467 179 546 307 0.99 
chair 594 210 711 335 0.99 
chair 396 170 441 265 0.99 
chair 702 258 833 448 0.96 
chair 1 186 74 323 0.91 
table 336 193 512 254 0.91 
chair 3 170 129 305 0.88 
