chair 1 92 149 440 1.00 
chair 526 152 682 249 1.00 
desk 168 87 603 605 0.98 
desk 400 134 604 332 0.98 
desk 639 135 789 237 0.93 
chair 642 133 827 303 0.93 
chair 375 313 845 608 0.86 
desk 549 196 824 550 0.62 
chair 648 326 829 516 0.59 
desk 746 190 834 486 0.50 
chair 1 92 149 440 1.00 
chair 526 152 682 249 1.00 
desk 168 87 603 605 0.98 
desk 400 134 604 332 0.98 
desk 639 135 789 237 0.93 
chair 642 133 827 303 0.93 
chair 375 313 845 608 0.86 
desk 549 196 824 550 0.62 
chair 648 326 829 516 0.59 
desk 746 190 834 486 0.50 
