chair 463 186 692 438 0.99 
chair 463 57 621 184 0.98 
table 96 123 577 377 0.98 
chair 291 233 610 540 0.96 
chair 555 165 734 349 0.91 
chair 109 80 332 317 0.91 
chair 637 108 814 291 0.88 
table 402 68 611 223 0.87 
table 418 90 753 241 0.85 
table 563 95 742 261 0.82 
table 479 104 671 175 0.79 
chair 253 73 433 156 0.79 
table 481 71 671 219 0.76 
chair 377 66 532 188 0.75 
table 203 159 676 480 0.71 
table 200 82 452 246 0.69 
table 238 79 576 216 0.69 
table 544 77 720 192 0.69 
table 342 116 550 233 0.53 
chair 463 186 692 438 0.99 
chair 463 57 621 184 0.98 
table 96 123 577 377 0.98 
chair 291 233 610 540 0.96 
chair 555 165 734 349 0.91 
chair 109 80 332 317 0.91 
chair 637 108 814 291 0.88 
table 402 68 611 223 0.87 
table 418 90 753 241 0.85 
table 563 95 742 261 0.82 
table 479 104 671 175 0.79 
chair 253 73 433 156 0.79 
table 481 71 671 219 0.76 
chair 377 66 532 188 0.75 
table 203 159 676 480 0.71 
table 200 82 452 246 0.69 
table 238 79 576 216 0.69 
table 544 77 720 192 0.69 
table 342 116 550 233 0.53 
