chair 382 122 591 333 1.00 
chair 733 95 829 221 0.99 
desk 489 71 626 162 0.99 
desk 72 47 394 422 0.99 
chair 409 71 535 220 0.98 
desk 238 167 578 592 0.98 
desk 276 68 440 234 0.97 
chair 457 162 683 441 0.96 
chair 613 55 752 185 0.94 
desk 555 108 836 403 0.94 
chair 503 59 659 216 0.92 
desk 324 128 688 535 0.90 
chair 0 84 52 251 0.87 
desk 145 87 499 526 0.80 
chair 598 73 768 249 0.74 
chair 557 57 701 187 0.66 
chair 382 122 591 333 1.00 
chair 733 95 829 221 0.99 
desk 489 71 626 162 0.99 
desk 72 47 394 422 0.99 
chair 409 71 535 220 0.98 
desk 238 167 578 592 0.98 
desk 276 68 440 234 0.97 
chair 457 162 683 441 0.96 
chair 613 55 752 185 0.94 
desk 555 108 836 403 0.94 
chair 503 59 659 216 0.92 
desk 324 128 688 535 0.90 
chair 0 84 52 251 0.87 
desk 145 87 499 526 0.80 
chair 598 73 768 249 0.74 
chair 557 57 701 187 0.66 
