chair 403 312 551 563 1.00 
chair 552 215 636 300 0.99 
chair 455 218 539 275 0.99 
chair 2 311 116 436 0.99 
chair 0 320 171 562 0.99 
chair 626 222 741 377 0.98 
chair 350 290 457 458 0.98 
chair 219 260 337 342 0.97 
chair 397 210 476 270 0.96 
chair 82 209 165 304 0.96 
table 88 206 709 502 0.92 
chair 121 211 230 327 0.92 
chair 182 249 285 317 0.90 
chair 41 345 305 596 0.90 
chair 291 280 418 379 0.87 
chair 319 193 401 242 0.87 
table 289 190 721 362 0.87 
table 3 253 423 593 0.71 
chair 146 232 258 350 0.64 
chair 403 312 551 563 1.00 
chair 552 215 636 300 0.99 
chair 455 218 539 275 0.99 
chair 2 311 116 436 0.99 
chair 0 320 171 562 0.99 
chair 626 222 741 377 0.98 
chair 350 290 457 458 0.98 
chair 219 260 337 342 0.97 
chair 397 210 476 270 0.96 
chair 82 209 165 304 0.96 
table 88 206 709 502 0.92 
chair 121 211 230 327 0.92 
chair 182 249 285 317 0.90 
chair 41 345 305 596 0.90 
chair 291 280 418 379 0.87 
chair 319 193 401 242 0.87 
table 289 190 721 362 0.87 
table 3 253 423 593 0.71 
chair 146 232 258 350 0.64 
