chair 281 279 425 473 0.99 
chair 234 244 359 331 0.99 
chair 469 242 606 364 0.99 
chair 93 255 204 337 0.99 
desk 438 250 666 517 0.98 
chair 542 203 616 246 0.98 
chair 603 201 722 309 0.95 
desk 136 254 312 599 0.93 
chair 273 210 364 280 0.92 
chair 437 193 521 285 0.92 
desk 190 201 298 344 0.91 
chair 314 183 410 279 0.90 
desk 603 228 840 458 0.76 
chair 614 259 764 371 0.75 
chair 723 240 838 461 0.67 
chair 642 229 807 388 0.65 
chair 435 215 506 269 0.61 
chair 281 279 425 473 0.99 
chair 234 244 359 331 0.99 
chair 469 242 606 364 0.99 
chair 93 255 204 337 0.99 
desk 438 250 666 517 0.98 
chair 542 203 616 246 0.98 
chair 603 201 722 309 0.95 
desk 136 254 312 599 0.93 
chair 273 210 364 280 0.92 
chair 437 193 521 285 0.92 
desk 190 201 298 344 0.91 
chair 314 183 410 279 0.90 
desk 603 228 840 458 0.76 
chair 614 259 764 371 0.75 
chair 723 240 838 461 0.67 
chair 642 229 807 388 0.65 
chair 435 215 506 269 0.61 
