chair 241 370 390 540 1.00 
chair 50 422 220 594 1.00 
table 428 312 710 447 0.99 
chair 230 418 388 603 0.99 
chair 500 329 583 408 0.98 
chair 586 335 674 407 0.97 
table 140 384 420 604 0.95 
chair 442 315 537 410 0.91 
table 786 358 835 528 0.73 
chair 241 370 390 540 1.00 
chair 50 422 220 594 1.00 
table 428 312 710 447 0.99 
chair 230 418 388 603 0.99 
chair 500 329 583 408 0.98 
chair 586 335 674 407 0.97 
table 140 384 420 604 0.95 
chair 442 315 537 410 0.91 
table 786 358 835 528 0.73 
