chair 267 222 388 345 1.00 
chair 153 231 276 355 0.99 
chair 436 492 718 606 0.99 
chair 446 241 583 387 0.99 
chair 697 307 826 489 0.98 
chair 561 246 688 389 0.95 
chair 380 228 464 287 0.95 
chair 445 209 553 316 0.93 
desk 534 269 773 395 0.91 
desk 143 310 598 593 0.88 
chair 345 266 541 447 0.88 
desk 102 264 418 449 0.85 
chair 221 291 396 534 0.85 
chair 284 384 586 612 0.80 
desk 250 365 832 610 0.75 
chair 695 410 823 551 0.60 
chair 448 337 677 442 0.59 
desk 391 278 737 420 0.59 
chair 349 239 465 358 0.57 
desk 386 246 530 359 0.51 
chair 358 399 715 594 0.51 
chair 267 222 388 345 1.00 
chair 153 231 276 355 0.99 
chair 436 492 718 606 0.99 
chair 446 241 583 387 0.99 
chair 697 307 826 489 0.98 
chair 561 246 688 389 0.95 
chair 380 228 464 287 0.95 
chair 445 209 553 316 0.93 
desk 534 269 773 395 0.91 
desk 143 310 598 593 0.88 
chair 345 266 541 447 0.88 
desk 102 264 418 449 0.85 
chair 221 291 396 534 0.85 
chair 284 384 586 612 0.80 
desk 250 365 832 610 0.75 
chair 695 410 823 551 0.60 
chair 448 337 677 442 0.59 
desk 391 278 737 420 0.59 
chair 349 239 465 358 0.57 
desk 386 246 530 359 0.51 
chair 358 399 715 594 0.51 
