chair 535 299 650 439 1.00 
chair 443 321 563 467 1.00 
chair 339 332 464 487 1.00 
chair 630 291 752 420 1.00 
chair 706 278 818 402 1.00 
table 317 276 817 446 0.99 
table 0 504 94 607 0.98 
table 0 385 156 517 0.98 
table 340 323 846 518 0.97 
table 360 393 837 603 0.94 
chair 535 299 650 439 1.00 
chair 443 321 563 467 1.00 
chair 339 332 464 487 1.00 
chair 630 291 752 420 1.00 
chair 706 278 818 402 1.00 
table 317 276 817 446 0.99 
table 0 504 94 607 0.98 
table 0 385 156 517 0.98 
table 340 323 846 518 0.97 
table 360 393 837 603 0.94 
