chair 229 237 362 378 1.00 
chair 572 199 665 316 1.00 
chair 484 192 579 295 1.00 
chair 477 253 633 436 0.99 
chair 410 188 484 278 0.99 
chair 168 233 287 359 0.99 
chair 522 348 717 510 0.99 
chair 494 226 618 370 0.98 
chair 642 309 829 420 0.98 
chair 325 195 406 301 0.98 
chair 307 249 471 431 0.97 
chair 611 466 834 609 0.97 
chair 676 214 789 326 0.96 
chair 625 234 761 384 0.96 
chair 428 215 535 331 0.96 
chair 3 263 125 443 0.95 
chair 354 208 451 319 0.95 
chair 364 187 438 269 0.93 
chair 0 301 162 554 0.92 
table 275 211 774 356 0.92 
table 91 244 758 455 0.90 
chair 485 302 662 484 0.80 
chair 532 212 647 338 0.77 
table 18 280 734 559 0.76 
table 93 377 825 594 0.67 
chair 417 205 506 299 0.65 
table 11 312 455 607 0.53 
table 191 235 473 403 0.51 
table 145 224 658 390 0.51 
chair 229 237 362 378 1.00 
chair 572 199 665 316 1.00 
chair 484 192 579 295 1.00 
chair 477 253 633 436 0.99 
chair 410 188 484 278 0.99 
chair 168 233 287 359 0.99 
chair 522 348 717 510 0.99 
chair 494 226 618 370 0.98 
chair 642 309 829 420 0.98 
chair 325 195 406 301 0.98 
chair 307 249 471 431 0.97 
chair 611 466 834 609 0.97 
chair 676 214 789 326 0.96 
chair 625 234 761 384 0.96 
chair 428 215 535 331 0.96 
chair 3 263 125 443 0.95 
chair 354 208 451 319 0.95 
chair 364 187 438 269 0.93 
chair 0 301 162 554 0.92 
table 275 211 774 356 0.92 
table 91 244 758 455 0.90 
chair 485 302 662 484 0.80 
chair 532 212 647 338 0.77 
table 18 280 734 559 0.76 
table 93 377 825 594 0.67 
chair 417 205 506 299 0.65 
table 11 312 455 607 0.53 
table 191 235 473 403 0.51 
table 145 224 658 390 0.51 
