chair 323 335 556 562 1.00 
chair 756 247 835 376 0.99 
chair 500 252 630 372 0.99 
chair 610 227 701 314 0.99 
chair 261 283 368 398 0.98 
table 439 282 790 439 0.97 
table 397 265 567 416 0.97 
chair 296 309 457 503 0.94 
table 652 403 841 524 0.91 
table 365 305 666 554 0.87 
chair 590 278 769 430 0.87 
table 481 266 704 405 0.82 
chair 655 228 778 343 0.82 
chair 635 306 828 531 0.79 
table 496 444 829 609 0.77 
chair 281 295 422 425 0.76 
chair 756 362 837 539 0.70 
table 600 428 825 549 0.65 
chair 323 335 556 562 1.00 
chair 756 247 835 376 0.99 
chair 500 252 630 372 0.99 
chair 610 227 701 314 0.99 
chair 261 283 368 398 0.98 
table 439 282 790 439 0.97 
table 397 265 567 416 0.97 
chair 296 309 457 503 0.94 
table 652 403 841 524 0.91 
table 365 305 666 554 0.87 
chair 590 278 769 430 0.87 
table 481 266 704 405 0.82 
chair 655 228 778 343 0.82 
chair 635 306 828 531 0.79 
table 496 444 829 609 0.77 
chair 281 295 422 425 0.76 
chair 756 362 837 539 0.70 
table 600 428 825 549 0.65 
