chair 261 68 438 263 1.00 
chair 63 46 171 147 1.00 
table 191 85 617 461 1.00 
chair 531 136 706 416 0.99 
chair 4 26 73 173 0.99 
chair 465 169 704 549 0.99 
chair 781 201 836 353 0.98 
chair 148 140 315 365 0.96 
table 5 56 292 270 0.96 
chair 167 273 403 581 0.90 
chair 1 111 37 228 0.66 
chair 76 107 322 316 0.57 
chair 261 68 438 263 1.00 
chair 63 46 171 147 1.00 
table 191 85 617 461 1.00 
chair 531 136 706 416 0.99 
chair 4 26 73 173 0.99 
chair 465 169 704 549 0.99 
chair 781 201 836 353 0.98 
chair 148 140 315 365 0.96 
table 5 56 292 270 0.96 
chair 167 273 403 581 0.90 
chair 1 111 37 228 0.66 
chair 76 107 322 316 0.57 
