chair 222 162 374 272 0.99 
desk 415 19 594 267 0.99 
chair 162 199 379 361 0.99 
chair 118 74 243 209 0.99 
desk 323 161 520 514 0.98 
chair 311 98 390 162 0.97 
chair 0 54 79 242 0.97 
chair 283 132 394 208 0.97 
desk 0 140 257 497 0.97 
chair 41 83 220 240 0.94 
desk 340 106 432 205 0.94 
chair 3 95 147 330 0.87 
desk 165 88 312 267 0.85 
desk 14 79 140 212 0.58 
chair 222 162 374 272 0.99 
desk 415 19 594 267 0.99 
chair 162 199 379 361 0.99 
chair 118 74 243 209 0.99 
desk 323 161 520 514 0.98 
chair 311 98 390 162 0.97 
chair 0 54 79 242 0.97 
chair 283 132 394 208 0.97 
desk 0 140 257 497 0.97 
chair 41 83 220 240 0.94 
desk 340 106 432 205 0.94 
chair 3 95 147 330 0.87 
desk 165 88 312 267 0.85 
desk 14 79 140 212 0.58 
