chair 578 119 682 229 1.00 
chair 398 237 575 530 1.00 
chair 13 147 153 341 1.00 
chair 265 162 443 356 1.00 
chair 163 127 324 286 0.99 
chair 460 147 580 277 0.99 
chair 1 304 182 567 0.99 
desk 169 177 600 550 0.98 
desk 399 133 752 405 0.97 
chair 673 144 788 250 0.97 
chair 545 159 723 335 0.95 
chair 366 169 639 481 0.70 
desk 529 127 806 312 0.69 
chair 578 119 682 229 1.00 
chair 398 237 575 530 1.00 
chair 13 147 153 341 1.00 
chair 265 162 443 356 1.00 
chair 163 127 324 286 0.99 
chair 460 147 580 277 0.99 
chair 1 304 182 567 0.99 
desk 169 177 600 550 0.98 
desk 399 133 752 405 0.97 
chair 673 144 788 250 0.97 
chair 545 159 723 335 0.95 
chair 366 169 639 481 0.70 
desk 529 127 806 312 0.69 
