chair 58 392 246 527 1.00 
chair 0 454 193 607 1.00 
chair 161 328 275 412 0.99 
desk 703 280 833 354 0.98 
chair 465 361 652 545 0.97 
chair 560 510 737 608 0.97 
chair 638 249 730 358 0.96 
desk 589 299 728 398 0.88 
chair 502 394 765 604 0.81 
table 639 357 838 485 0.79 
table 639 494 842 610 0.63 
chair 58 392 246 527 1.00 
chair 0 454 193 607 1.00 
chair 161 328 275 412 0.99 
desk 703 280 833 354 0.98 
chair 465 361 652 545 0.97 
chair 560 510 737 608 0.97 
chair 638 249 730 358 0.96 
desk 589 299 728 398 0.88 
chair 502 394 765 604 0.81 
table 639 357 838 485 0.79 
table 639 494 842 610 0.63 
