chair 286 27 380 129 1.00 
chair 272 216 512 571 1.00 
chair 461 117 619 329 1.00 
chair 585 202 825 373 0.99 
chair 345 54 458 180 0.99 
chair 119 19 201 128 0.98 
desk 132 21 373 129 0.98 
desk 245 153 668 407 0.95 
desk 486 314 840 613 0.94 
chair 201 34 317 140 0.93 
chair 276 107 437 275 0.88 
chair 202 64 391 203 0.85 
desk 231 124 586 318 0.83 
chair 188 10 286 117 0.72 
chair 286 27 380 129 1.00 
chair 272 216 512 571 1.00 
chair 461 117 619 329 1.00 
chair 585 202 825 373 0.99 
chair 345 54 458 180 0.99 
chair 119 19 201 128 0.98 
desk 132 21 373 129 0.98 
desk 245 153 668 407 0.95 
desk 486 314 840 613 0.94 
chair 201 34 317 140 0.93 
chair 276 107 437 275 0.88 
chair 202 64 391 203 0.85 
desk 231 124 586 318 0.83 
chair 188 10 286 117 0.72 
