chair 618 129 733 230 1.00 
chair 522 95 647 230 1.00 
chair 46 144 237 359 0.99 
chair 764 143 836 285 0.98 
chair 335 104 509 257 0.97 
chair 190 290 559 608 0.97 
table 443 222 811 526 0.96 
table 241 268 818 603 0.95 
table 514 216 825 367 0.95 
chair 77 182 353 489 0.95 
chair 406 141 625 330 0.90 
chair 405 394 838 604 0.90 
chair 743 297 836 539 0.86 
table 398 193 778 400 0.71 
table 233 131 512 278 0.71 
table 155 160 438 413 0.70 
chair 94 165 311 375 0.59 
chair 618 129 733 230 1.00 
chair 522 95 647 230 1.00 
chair 46 144 237 359 0.99 
chair 764 143 836 285 0.98 
chair 335 104 509 257 0.97 
chair 190 290 559 608 0.97 
table 443 222 811 526 0.96 
table 241 268 818 603 0.95 
table 514 216 825 367 0.95 
chair 77 182 353 489 0.95 
chair 406 141 625 330 0.90 
chair 405 394 838 604 0.90 
chair 743 297 836 539 0.86 
table 398 193 778 400 0.71 
table 233 131 512 278 0.71 
table 155 160 438 413 0.70 
chair 94 165 311 375 0.59 
