chair 248 234 466 520 1.00 
chair 509 44 634 180 1.00 
chair 697 57 804 188 0.99 
chair 573 34 691 153 0.98 
table 287 39 545 317 0.98 
table 425 112 821 426 0.98 
chair 289 59 401 268 0.96 
table 534 37 814 166 0.95 
chair 3 291 114 606 0.94 
chair 598 44 748 162 0.70 
chair 248 234 466 520 1.00 
chair 509 44 634 180 1.00 
chair 697 57 804 188 0.99 
chair 573 34 691 153 0.98 
table 287 39 545 317 0.98 
table 425 112 821 426 0.98 
chair 289 59 401 268 0.96 
table 534 37 814 166 0.95 
chair 3 291 114 606 0.94 
chair 598 44 748 162 0.70 
