chair 680 329 747 425 1.00 
chair 535 339 645 499 1.00 
chair 486 291 621 448 0.99 
table 446 298 834 491 0.99 
chair 240 318 316 413 0.98 
chair 157 324 248 417 0.98 
chair 689 317 811 425 0.98 
table 55 327 363 480 0.97 
table 1 429 139 575 0.92 
table 687 457 835 605 0.92 
chair 690 412 772 572 0.85 
chair 189 319 281 430 0.73 
chair 680 329 747 425 1.00 
chair 535 339 645 499 1.00 
chair 486 291 621 448 0.99 
table 446 298 834 491 0.99 
chair 240 318 316 413 0.98 
chair 157 324 248 417 0.98 
chair 689 317 811 425 0.98 
table 55 327 363 480 0.97 
table 1 429 139 575 0.92 
table 687 457 835 605 0.92 
chair 690 412 772 572 0.85 
chair 189 319 281 430 0.73 
