chair 344 84 486 276 1.00 
chair 428 37 546 163 1.00 
chair 127 273 503 601 1.00 
table 103 97 849 605 0.99 
chair 2 136 147 285 0.99 
chair 480 190 779 601 0.99 
table 278 5 655 183 0.99 
chair 156 110 256 209 0.99 
chair 307 66 406 191 0.98 
chair 500 24 607 139 0.93 
chair 44 81 207 224 0.73 
chair 344 84 486 276 1.00 
chair 428 37 546 163 1.00 
chair 127 273 503 601 1.00 
table 103 97 849 605 0.99 
chair 2 136 147 285 0.99 
chair 480 190 779 601 0.99 
table 278 5 655 183 0.99 
chair 156 110 256 209 0.99 
chair 307 66 406 191 0.98 
chair 500 24 607 139 0.93 
chair 44 81 207 224 0.73 
