chair 3 161 152 320 1.00 
chair 415 213 519 329 1.00 
chair 516 201 636 308 0.98 
chair 605 230 738 346 0.98 
desk 169 163 368 415 0.97 
chair 442 259 591 462 0.97 
desk 547 239 812 466 0.96 
desk 335 191 430 307 0.96 
desk 253 245 435 536 0.91 
chair 654 201 753 299 0.88 
desk 721 206 814 292 0.82 
chair 698 233 828 391 0.76 
desk 507 200 606 255 0.71 
chair 697 279 812 436 0.60 
chair 3 161 152 320 1.00 
chair 415 213 519 329 1.00 
chair 516 201 636 308 0.98 
chair 605 230 738 346 0.98 
desk 169 163 368 415 0.97 
chair 442 259 591 462 0.97 
desk 547 239 812 466 0.96 
desk 335 191 430 307 0.96 
desk 253 245 435 536 0.91 
chair 654 201 753 299 0.88 
desk 721 206 814 292 0.82 
chair 698 233 828 391 0.76 
desk 507 200 606 255 0.71 
chair 697 279 812 436 0.60 
