chair 413 119 516 228 1.00 
chair 211 107 318 234 1.00 
chair 181 178 393 516 1.00 
chair 411 405 833 605 1.00 
chair 660 181 807 328 0.99 
chair 520 188 658 388 0.99 
chair 502 124 600 221 0.99 
chair 575 182 735 333 0.99 
chair 324 182 459 434 0.99 
chair 104 105 232 244 0.99 
chair 726 176 825 302 0.98 
chair 675 330 835 586 0.98 
chair 566 124 665 220 0.98 
chair 694 152 782 228 0.97 
chair 537 129 628 220 0.96 
desk 116 200 832 521 0.92 
chair 689 165 795 269 0.75 
desk 59 142 799 389 0.75 
chair 248 188 434 460 0.74 
chair 776 174 835 295 0.72 
chair 578 144 677 254 0.62 
chair 355 185 599 408 0.58 
chair 266 285 825 589 0.51 
chair 413 119 516 228 1.00 
chair 211 107 318 234 1.00 
chair 181 178 393 516 1.00 
chair 411 405 833 605 1.00 
chair 660 181 807 328 0.99 
chair 520 188 658 388 0.99 
chair 502 124 600 221 0.99 
chair 575 182 735 333 0.99 
chair 324 182 459 434 0.99 
chair 104 105 232 244 0.99 
chair 726 176 825 302 0.98 
chair 675 330 835 586 0.98 
chair 566 124 665 220 0.98 
chair 694 152 782 228 0.97 
chair 537 129 628 220 0.96 
desk 116 200 832 521 0.92 
chair 689 165 795 269 0.75 
desk 59 142 799 389 0.75 
chair 248 188 434 460 0.74 
chair 776 174 835 295 0.72 
chair 578 144 677 254 0.62 
chair 355 185 599 408 0.58 
chair 266 285 825 589 0.51 
