chair 615 370 803 492 1.00 
chair 519 282 652 423 1.00 
chair 389 391 555 528 1.00 
chair 333 316 440 495 1.00 
chair 617 281 751 426 1.00 
chair 428 296 561 440 1.00 
table 296 328 775 533 1.00 
chair 742 319 825 507 0.93 
table 318 299 680 469 0.79 
table 373 369 825 590 0.53 
chair 615 370 803 492 1.00 
chair 519 282 652 423 1.00 
chair 389 391 555 528 1.00 
chair 333 316 440 495 1.00 
chair 617 281 751 426 1.00 
chair 428 296 561 440 1.00 
table 296 328 775 533 1.00 
chair 742 319 825 507 0.93 
table 318 299 680 469 0.79 
table 373 369 825 590 0.53 
