chair 441 59 530 207 1.00 
chair 256 89 461 414 1.00 
chair 1 374 161 569 1.00 
chair 565 7 672 160 1.00 
chair 1 455 285 609 1.00 
chair 654 20 749 218 1.00 
table 106 162 618 607 0.99 
chair 363 121 587 495 0.98 
chair 530 72 655 325 0.96 
table 495 60 775 300 0.92 
chair 441 59 530 207 1.00 
chair 256 89 461 414 1.00 
chair 1 374 161 569 1.00 
chair 565 7 672 160 1.00 
chair 1 455 285 609 1.00 
chair 654 20 749 218 1.00 
table 106 162 618 607 0.99 
chair 363 121 587 495 0.98 
chair 530 72 655 325 0.96 
table 495 60 775 300 0.92 
