chair 216 109 388 286 1.00 
chair 384 135 605 417 0.99 
chair 399 93 552 271 0.99 
chair 566 58 702 242 0.99 
table 141 134 339 419 0.99 
chair 509 120 685 366 0.99 
table 352 88 717 390 0.98 
table 554 64 830 292 0.96 
chair 703 47 838 218 0.90 
chair 292 155 551 469 0.85 
table 639 50 791 185 0.56 
chair 216 109 388 286 1.00 
chair 384 135 605 417 0.99 
chair 399 93 552 271 0.99 
chair 566 58 702 242 0.99 
table 141 134 339 419 0.99 
chair 509 120 685 366 0.99 
table 352 88 717 390 0.98 
table 554 64 830 292 0.96 
chair 703 47 838 218 0.90 
chair 292 155 551 469 0.85 
table 639 50 791 185 0.56 
