chair 210 41 354 213 0.99 
chair 167 4 240 82 0.99 
chair 278 71 460 320 0.99 
table 195 49 676 352 0.99 
chair 428 144 594 342 0.97 
chair 543 13 660 133 0.97 
chair 453 42 580 141 0.97 
chair 525 193 826 498 0.96 
chair 611 90 803 224 0.94 
chair 567 71 750 211 0.91 
chair 621 28 752 150 0.90 
desk 382 36 654 185 0.86 
chair 706 120 838 367 0.81 
desk 92 19 178 133 0.74 
chair 547 35 688 190 0.69 
chair 486 31 656 157 0.64 
desk 694 57 845 228 0.55 
chair 346 261 817 594 0.51 
chair 210 41 354 213 0.99 
chair 167 4 240 82 0.99 
chair 278 71 460 320 0.99 
table 195 49 676 352 0.99 
chair 428 144 594 342 0.97 
chair 543 13 660 133 0.97 
chair 453 42 580 141 0.97 
chair 525 193 826 498 0.96 
chair 611 90 803 224 0.94 
chair 567 71 750 211 0.91 
chair 621 28 752 150 0.90 
desk 382 36 654 185 0.86 
chair 706 120 838 367 0.81 
desk 92 19 178 133 0.74 
chair 547 35 688 190 0.69 
chair 486 31 656 157 0.64 
desk 694 57 845 228 0.55 
chair 346 261 817 594 0.51 
