chair 65 120 157 200 1.00 
chair 272 161 367 331 1.00 
chair 140 181 247 395 1.00 
chair 431 91 491 150 1.00 
chair 331 343 562 562 1.00 
chair 579 138 682 236 1.00 
chair 481 127 562 189 1.00 
chair 365 95 436 162 1.00 
chair 165 112 243 178 1.00 
chair 490 295 702 470 1.00 
chair 561 115 627 189 1.00 
table 395 89 581 208 0.99 
table 156 189 568 449 0.99 
table 84 128 313 284 0.99 
chair 641 127 727 215 0.98 
chair 611 133 707 227 0.96 
table 645 131 834 317 0.96 
chair 258 160 352 237 0.94 
chair 585 127 648 206 0.56 
chair 65 120 157 200 1.00 
chair 272 161 367 331 1.00 
chair 140 181 247 395 1.00 
chair 431 91 491 150 1.00 
chair 331 343 562 562 1.00 
chair 579 138 682 236 1.00 
chair 481 127 562 189 1.00 
chair 365 95 436 162 1.00 
chair 165 112 243 178 1.00 
chair 490 295 702 470 1.00 
chair 561 115 627 189 1.00 
table 395 89 581 208 0.99 
table 156 189 568 449 0.99 
table 84 128 313 284 0.99 
chair 641 127 727 215 0.98 
chair 611 133 707 227 0.96 
table 645 131 834 317 0.96 
chair 258 160 352 237 0.94 
chair 585 127 648 206 0.56 
