chair 451 7 563 165 1.00 
chair 650 60 800 288 1.00 
chair 354 55 455 173 1.00 
chair 417 77 507 223 1.00 
chair 474 17 628 195 1.00 
chair 540 23 707 246 1.00 
chair 438 103 586 367 0.99 
chair 490 139 726 448 0.98 
desk 364 39 807 412 0.97 
desk 213 58 546 564 0.97 
chair 381 68 487 190 0.74 
chair 451 7 563 165 1.00 
chair 650 60 800 288 1.00 
chair 354 55 455 173 1.00 
chair 417 77 507 223 1.00 
chair 474 17 628 195 1.00 
chair 540 23 707 246 1.00 
chair 438 103 586 367 0.99 
chair 490 139 726 448 0.98 
desk 364 39 807 412 0.97 
desk 213 58 546 564 0.97 
chair 381 68 487 190 0.74 
