chair 583 82 713 217 0.98 
chair 295 193 504 496 0.98 
chair 522 137 670 343 0.96 
chair 191 144 354 391 0.96 
chair 513 59 624 176 0.94 
desk 415 114 709 372 0.92 
chair 370 82 467 193 0.91 
desk 119 93 371 418 0.85 
chair 142 110 282 309 0.81 
chair 450 109 598 254 0.80 
desk 646 110 802 300 0.75 
desk 549 72 691 185 0.71 
chair 460 84 601 199 0.57 
desk 327 94 440 199 0.57 
desk 530 64 641 138 0.56 
chair 583 82 713 217 0.98 
chair 295 193 504 496 0.98 
chair 522 137 670 343 0.96 
chair 191 144 354 391 0.96 
chair 513 59 624 176 0.94 
desk 415 114 709 372 0.92 
chair 370 82 467 193 0.91 
desk 119 93 371 418 0.85 
chair 142 110 282 309 0.81 
chair 450 109 598 254 0.80 
desk 646 110 802 300 0.75 
desk 549 72 691 185 0.71 
chair 460 84 601 199 0.57 
desk 327 94 440 199 0.57 
desk 530 64 641 138 0.56 
