chair 170 95 321 289 1.00 
chair 120 206 356 442 1.00 
chair 502 55 616 179 0.99 
chair 454 40 544 140 0.98 
chair 448 202 716 546 0.89 
desk 383 129 579 403 0.85 
desk 505 48 675 209 0.82 
chair 594 62 750 241 0.73 
desk 474 43 596 150 0.71 
desk 314 104 499 352 0.70 
desk 698 110 833 395 0.70 
desk 250 78 404 282 0.63 
chair 170 95 321 289 1.00 
chair 120 206 356 442 1.00 
chair 502 55 616 179 0.99 
chair 454 40 544 140 0.98 
chair 448 202 716 546 0.89 
desk 383 129 579 403 0.85 
desk 505 48 675 209 0.82 
chair 594 62 750 241 0.73 
desk 474 43 596 150 0.71 
desk 314 104 499 352 0.70 
desk 698 110 833 395 0.70 
desk 250 78 404 282 0.63 
