chair 428 51 536 190 1.00 
chair 107 198 411 605 1.00 
chair 30 118 268 435 1.00 
chair 570 91 719 348 1.00 
chair 3 102 162 379 1.00 
chair 298 34 447 243 1.00 
chair 528 12 674 204 1.00 
chair 464 0 581 109 1.00 
chair 577 3 682 112 0.99 
chair 658 3 800 130 0.98 
table 113 80 679 566 0.98 
table 385 22 820 373 0.92 
chair 767 17 834 162 0.90 
table 513 13 818 200 0.88 
chair 624 29 776 150 0.84 
chair 445 27 559 154 0.81 
chair 575 39 771 283 0.66 
chair 428 51 536 190 1.00 
chair 107 198 411 605 1.00 
chair 30 118 268 435 1.00 
chair 570 91 719 348 1.00 
chair 3 102 162 379 1.00 
chair 298 34 447 243 1.00 
chair 528 12 674 204 1.00 
chair 464 0 581 109 1.00 
chair 577 3 682 112 0.99 
chair 658 3 800 130 0.98 
table 113 80 679 566 0.98 
table 385 22 820 373 0.92 
chair 767 17 834 162 0.90 
table 513 13 818 200 0.88 
chair 624 29 776 150 0.84 
chair 445 27 559 154 0.81 
chair 575 39 771 283 0.66 
