chair 285 4 378 113 1.00 
chair 86 31 238 199 1.00 
chair 159 113 410 369 1.00 
chair 308 10 424 114 1.00 
chair 546 140 783 384 1.00 
table 307 85 687 479 0.99 
chair 464 80 647 172 0.99 
table 188 8 363 158 0.99 
chair 199 191 510 547 0.95 
chair 322 17 442 179 0.86 
chair 79 19 199 148 0.59 
chair 285 4 378 113 1.00 
chair 86 31 238 199 1.00 
chair 159 113 410 369 1.00 
chair 308 10 424 114 1.00 
chair 546 140 783 384 1.00 
table 307 85 687 479 0.99 
chair 464 80 647 172 0.99 
table 188 8 363 158 0.99 
chair 199 191 510 547 0.95 
chair 322 17 442 179 0.86 
chair 79 19 199 148 0.59 
