chair 5 362 207 525 1.00 
chair 274 146 366 272 1.00 
chair 321 167 443 301 1.00 
chair 144 200 251 358 0.99 
chair 410 148 554 270 0.99 
chair 227 229 371 434 0.99 
chair 358 291 590 510 0.98 
chair 629 186 754 322 0.98 
desk 9 93 569 511 0.97 
chair 514 216 695 385 0.97 
chair 16 444 342 607 0.95 
desk 187 93 754 276 0.72 
chair 88 53 175 170 0.64 
desk 224 143 682 519 0.55 
chair 5 362 207 525 1.00 
chair 274 146 366 272 1.00 
chair 321 167 443 301 1.00 
chair 144 200 251 358 0.99 
chair 410 148 554 270 0.99 
chair 227 229 371 434 0.99 
chair 358 291 590 510 0.98 
chair 629 186 754 322 0.98 
desk 9 93 569 511 0.97 
chair 514 216 695 385 0.97 
chair 16 444 342 607 0.95 
desk 187 93 754 276 0.72 
chair 88 53 175 170 0.64 
desk 224 143 682 519 0.55 
