chair 404 57 502 148 0.99 
chair 1 117 89 283 0.98 
chair 209 22 312 124 0.98 
chair 204 111 320 238 0.97 
chair 201 209 437 531 0.97 
chair 363 162 541 392 0.96 
chair 195 63 285 113 0.93 
chair 339 76 448 187 0.93 
chair 490 112 645 319 0.92 
chair 67 137 232 347 0.88 
chair 84 83 214 221 0.87 
table 180 65 309 183 0.86 
table 276 39 368 130 0.80 
table 561 74 687 269 0.73 
table 114 88 287 259 0.71 
table 180 89 359 214 0.69 
table 275 88 434 206 0.58 
chair 404 57 502 148 0.99 
chair 1 117 89 283 0.98 
chair 209 22 312 124 0.98 
chair 204 111 320 238 0.97 
chair 201 209 437 531 0.97 
chair 363 162 541 392 0.96 
chair 195 63 285 113 0.93 
chair 339 76 448 187 0.93 
chair 490 112 645 319 0.92 
chair 67 137 232 347 0.88 
chair 84 83 214 221 0.87 
table 180 65 309 183 0.86 
table 276 39 368 130 0.80 
table 561 74 687 269 0.73 
table 114 88 287 259 0.71 
table 180 89 359 214 0.69 
table 275 88 434 206 0.58 
