chair 450 77 612 270 0.99 
chair 144 153 353 465 0.99 
chair 559 112 778 370 0.99 
chair 267 40 389 154 0.98 
chair 331 59 455 181 0.98 
chair 41 83 183 295 0.98 
desk 271 23 498 190 0.97 
desk 431 67 815 378 0.97 
chair 229 186 534 593 0.96 
desk 62 60 278 335 0.83 
desk 153 99 671 602 0.67 
chair 450 77 612 270 0.99 
chair 144 153 353 465 0.99 
chair 559 112 778 370 0.99 
chair 267 40 389 154 0.98 
chair 331 59 455 181 0.98 
chair 41 83 183 295 0.98 
desk 271 23 498 190 0.97 
desk 431 67 815 378 0.97 
chair 229 186 534 593 0.96 
desk 62 60 278 335 0.83 
desk 153 99 671 602 0.67 
