chair 204 325 337 412 1.00 
chair 261 280 367 375 1.00 
chair 324 303 426 424 1.00 
chair 577 297 669 407 1.00 
chair 378 358 535 594 1.00 
chair 491 265 595 378 1.00 
chair 136 319 254 401 0.99 
chair 278 338 439 554 0.99 
chair 86 418 354 610 0.99 
chair 2 360 74 542 0.98 
chair 522 315 624 508 0.97 
chair 437 313 543 442 0.97 
table 164 300 634 581 0.96 
table 46 349 527 604 0.96 
chair 414 264 511 376 0.96 
table 367 287 673 447 0.95 
chair 1 372 151 609 0.93 
chair 369 265 455 359 0.87 
chair 45 395 230 607 0.80 
table 442 275 650 407 0.80 
chair 229 305 358 393 0.63 
table 337 304 596 538 0.57 
chair 442 309 611 477 0.54 
chair 514 280 614 427 0.54 
desk 85 287 208 375 0.51 
chair 204 325 337 412 1.00 
chair 261 280 367 375 1.00 
chair 324 303 426 424 1.00 
chair 577 297 669 407 1.00 
chair 378 358 535 594 1.00 
chair 491 265 595 378 1.00 
chair 136 319 254 401 0.99 
chair 278 338 439 554 0.99 
chair 86 418 354 610 0.99 
chair 2 360 74 542 0.98 
chair 522 315 624 508 0.97 
chair 437 313 543 442 0.97 
table 164 300 634 581 0.96 
table 46 349 527 604 0.96 
chair 414 264 511 376 0.96 
table 367 287 673 447 0.95 
chair 1 372 151 609 0.93 
chair 369 265 455 359 0.87 
chair 45 395 230 607 0.80 
table 442 275 650 407 0.80 
chair 229 305 358 393 0.63 
table 337 304 596 538 0.57 
chair 442 309 611 477 0.54 
chair 514 280 614 427 0.54 
desk 85 287 208 375 0.51 
