chair 295 100 467 203 1.00 
chair 244 87 418 188 1.00 
chair 506 52 634 219 1.00 
chair 383 123 556 350 1.00 
chair 633 71 773 298 1.00 
table 137 120 562 548 0.99 
chair 440 56 565 110 0.98 
table 359 83 776 343 0.97 
table 494 67 803 254 0.95 
table 262 99 685 449 0.52 
chair 295 100 467 203 1.00 
chair 244 87 418 188 1.00 
chair 506 52 634 219 1.00 
chair 383 123 556 350 1.00 
chair 633 71 773 298 1.00 
table 137 120 562 548 0.99 
chair 440 56 565 110 0.98 
table 359 83 776 343 0.97 
table 494 67 803 254 0.95 
table 262 99 685 449 0.52 
