chair 0 211 232 429 1.00 
chair 117 191 415 504 1.00 
chair 262 434 565 609 0.99 
chair 449 104 635 352 0.99 
chair 313 83 467 306 0.98 
desk 437 104 847 478 0.96 
desk 54 82 338 303 0.96 
desk 238 54 504 296 0.93 
desk 248 155 750 591 0.92 
chair 565 146 817 445 0.86 
chair 336 74 456 221 0.80 
chair 0 211 232 429 1.00 
chair 117 191 415 504 1.00 
chair 262 434 565 609 0.99 
chair 449 104 635 352 0.99 
chair 313 83 467 306 0.98 
desk 437 104 847 478 0.96 
desk 54 82 338 303 0.96 
desk 238 54 504 296 0.93 
desk 248 155 750 591 0.92 
chair 565 146 817 445 0.86 
chair 336 74 456 221 0.80 
