desk 651 178 833 357 1.00 
table 149 179 282 252 0.97 
chair 8 302 197 456 0.97 
chair 551 304 743 525 0.95 
table 443 182 525 316 0.95 
chair 550 245 680 414 0.93 
table 300 186 406 272 0.92 
chair 554 373 762 590 0.92 
chair 547 487 845 606 0.91 
table 259 265 427 519 0.91 
table 3 224 266 423 0.91 
chair 187 260 343 479 0.87 
table 330 238 459 417 0.76 
table 0 285 385 603 0.76 
chair 579 184 663 248 0.74 
chair 0 332 91 602 0.57 
table 88 239 413 521 0.53 
chair 568 258 731 456 0.52 
desk 651 178 833 357 1.00 
table 149 179 282 252 0.97 
chair 8 302 197 456 0.97 
chair 551 304 743 525 0.95 
table 443 182 525 316 0.95 
chair 550 245 680 414 0.93 
table 300 186 406 272 0.92 
chair 554 373 762 590 0.92 
chair 547 487 845 606 0.91 
table 259 265 427 519 0.91 
table 3 224 266 423 0.91 
chair 187 260 343 479 0.87 
table 330 238 459 417 0.76 
table 0 285 385 603 0.76 
chair 579 184 663 248 0.74 
chair 0 332 91 602 0.57 
table 88 239 413 521 0.53 
chair 568 258 731 456 0.52 
