chair 660 107 745 226 1.00 
chair 529 137 620 197 1.00 
chair 611 103 688 225 1.00 
chair 203 182 304 301 1.00 
table 243 175 651 467 1.00 
chair 163 256 355 475 0.99 
chair 325 148 430 270 0.99 
chair 482 222 703 512 0.99 
chair 201 287 396 525 0.99 
chair 551 178 761 439 0.99 
chair 623 174 782 388 0.99 
chair 267 161 380 303 0.99 
chair 476 131 567 263 0.98 
chair 232 244 486 489 0.54 
chair 660 107 745 226 1.00 
chair 529 137 620 197 1.00 
chair 611 103 688 225 1.00 
chair 203 182 304 301 1.00 
table 243 175 651 467 1.00 
chair 163 256 355 475 0.99 
chair 325 148 430 270 0.99 
chair 482 222 703 512 0.99 
chair 201 287 396 525 0.99 
chair 551 178 761 439 0.99 
chair 623 174 782 388 0.99 
chair 267 161 380 303 0.99 
chair 476 131 567 263 0.98 
chair 232 244 486 489 0.54 
