chair 441 355 575 447 0.99 
chair 291 334 384 408 0.98 
chair 549 366 697 582 0.98 
chair 365 345 472 436 0.97 
chair 114 383 293 605 0.97 
chair 60 364 202 565 0.96 
chair 334 430 555 606 0.94 
desk 255 391 629 586 0.94 
chair 200 403 397 604 0.93 
desk 421 361 710 572 0.93 
chair 0 454 49 572 0.82 
desk 283 338 484 434 0.82 
chair 29 419 89 571 0.77 
chair 441 355 575 447 0.99 
chair 291 334 384 408 0.98 
chair 549 366 697 582 0.98 
chair 365 345 472 436 0.97 
chair 114 383 293 605 0.97 
chair 60 364 202 565 0.96 
chair 334 430 555 606 0.94 
desk 255 391 629 586 0.94 
chair 200 403 397 604 0.93 
desk 421 361 710 572 0.93 
chair 0 454 49 572 0.82 
desk 283 338 484 434 0.82 
chair 29 419 89 571 0.77 
