chair 526 60 616 136 1.00 
chair 259 30 332 100 1.00 
chair 205 374 462 571 1.00 
chair 194 23 264 142 1.00 
table 115 149 561 397 1.00 
chair 116 71 230 146 1.00 
chair 442 50 525 126 1.00 
chair 6 334 282 493 1.00 
chair 437 119 552 305 0.99 
chair 62 74 184 269 0.99 
chair 326 89 461 244 0.98 
chair 486 104 586 253 0.98 
table 101 55 309 189 0.93 
chair 317 115 412 293 0.91 
chair 5 54 90 177 0.53 
chair 521 57 623 136 1.00 
chair 196 25 265 140 1.00 
chair 442 125 554 304 1.00 
chair 442 51 520 125 1.00 
chair 200 372 465 562 0.99 
chair 485 103 588 246 0.98 
chair 68 77 185 262 0.98 
chair 326 99 423 285 0.97 
chair 258 31 332 103 0.97 
chair 110 70 226 143 0.97 
table 118 155 549 415 0.94 
table 100 44 296 165 0.94 
chair 3 333 275 493 0.88 
chair 356 91 465 247 0.71 
table 142 41 248 137 0.61 
chair 526 60 616 136 1.00 
chair 259 30 332 100 1.00 
chair 205 374 462 571 1.00 
chair 194 23 264 142 1.00 
table 115 149 561 397 1.00 
chair 116 71 230 146 1.00 
chair 442 50 525 126 1.00 
chair 6 334 282 493 1.00 
chair 437 119 552 305 0.99 
chair 62 74 184 269 0.99 
chair 326 89 461 244 0.98 
chair 486 104 586 253 0.98 
table 101 55 309 189 0.93 
chair 317 115 412 293 0.91 
chair 5 54 90 177 0.53 
