chair 175 278 277 370 0.99 
chair 228 218 328 333 0.99 
chair 337 234 415 352 0.98 
chair 136 240 179 338 0.96 
chair 135 220 233 334 0.95 
desk 102 279 415 464 0.95 
chair 254 275 372 468 0.95 
desk 183 235 423 374 0.95 
desk 556 193 702 308 0.94 
chair 165 369 372 606 0.94 
chair 59 265 189 451 0.93 
chair 571 185 656 282 0.91 
desk 621 287 825 513 0.90 
chair 7 355 203 605 0.89 
desk 50 242 216 335 0.87 
chair 612 221 729 371 0.84 
chair 4 280 109 376 0.78 
chair 110 232 189 333 0.73 
chair 233 327 383 514 0.70 
chair 160 256 248 362 0.62 
desk 146 259 346 366 0.61 
desk 15 336 381 572 0.57 
chair 25 276 139 433 0.51 
chair 175 278 277 370 0.99 
chair 228 218 328 333 0.99 
chair 337 234 415 352 0.98 
chair 136 240 179 338 0.96 
chair 135 220 233 334 0.95 
desk 102 279 415 464 0.95 
chair 254 275 372 468 0.95 
desk 183 235 423 374 0.95 
desk 556 193 702 308 0.94 
chair 165 369 372 606 0.94 
chair 59 265 189 451 0.93 
chair 571 185 656 282 0.91 
desk 621 287 825 513 0.90 
chair 7 355 203 605 0.89 
desk 50 242 216 335 0.87 
chair 612 221 729 371 0.84 
chair 4 280 109 376 0.78 
chair 110 232 189 333 0.73 
chair 233 327 383 514 0.70 
chair 160 256 248 362 0.62 
desk 146 259 346 366 0.61 
desk 15 336 381 572 0.57 
chair 25 276 139 433 0.51 
