chair 574 122 763 335 1.00 
chair 125 325 440 574 1.00 
chair 221 20 337 141 1.00 
chair 12 61 158 206 0.99 
chair 286 17 401 188 0.99 
chair 95 148 254 336 0.99 
chair 116 222 343 431 0.98 
table 197 95 658 409 0.97 
chair 512 91 614 288 0.97 
chair 354 64 501 152 0.96 
table 96 52 293 214 0.86 
chair 106 97 279 273 0.86 
chair 22 99 183 246 0.81 
chair 574 122 763 335 1.00 
chair 125 325 440 574 1.00 
chair 221 20 337 141 1.00 
chair 12 61 158 206 0.99 
chair 286 17 401 188 0.99 
chair 95 148 254 336 0.99 
chair 116 222 343 431 0.98 
table 197 95 658 409 0.97 
chair 512 91 614 288 0.97 
chair 354 64 501 152 0.96 
table 96 52 293 214 0.86 
chair 106 97 279 273 0.86 
chair 22 99 183 246 0.81 
