chair 167 332 312 451 0.99 
chair 452 341 626 586 0.99 
chair 80 297 196 445 0.98 
chair 0 313 93 476 0.98 
chair 313 294 397 406 0.98 
desk 167 266 277 373 0.97 
chair 325 386 557 606 0.97 
chair 23 354 190 536 0.95 
chair 66 445 353 608 0.94 
chair 233 285 317 403 0.92 
desk 306 334 674 599 0.92 
desk 18 268 216 433 0.91 
desk 242 277 350 341 0.91 
desk 6 334 311 571 0.87 
chair 168 284 299 419 0.74 
chair 211 312 343 415 0.74 
desk 310 307 466 404 0.73 
chair 4 323 93 402 0.68 
chair 13 329 149 481 0.64 
desk 46 288 345 446 0.57 
chair 97 336 242 447 0.52 
desk 0 312 227 497 0.50 
chair 167 332 312 451 0.99 
chair 452 341 626 586 0.99 
chair 80 297 196 445 0.98 
chair 0 313 93 476 0.98 
chair 313 294 397 406 0.98 
desk 167 266 277 373 0.97 
chair 325 386 557 606 0.97 
chair 23 354 190 536 0.95 
chair 66 445 353 608 0.94 
chair 233 285 317 403 0.92 
desk 306 334 674 599 0.92 
desk 18 268 216 433 0.91 
desk 242 277 350 341 0.91 
desk 6 334 311 571 0.87 
chair 168 284 299 419 0.74 
chair 211 312 343 415 0.74 
desk 310 307 466 404 0.73 
chair 4 323 93 402 0.68 
chair 13 329 149 481 0.64 
desk 46 288 345 446 0.57 
chair 97 336 242 447 0.52 
desk 0 312 227 497 0.50 
