chair 268 124 421 331 1.00 
chair 267 54 350 128 1.00 
chair 132 159 353 390 1.00 
chair 456 63 543 158 1.00 
chair 316 28 435 173 1.00 
chair 96 82 250 197 1.00 
chair 410 76 513 180 1.00 
chair 363 97 473 216 0.99 
chair 0 113 133 296 0.99 
desk 271 176 559 561 0.94 
chair 178 57 329 232 0.87 
desk 479 143 623 344 0.80 
chair 333 65 453 199 0.77 
chair 268 124 421 331 1.00 
chair 267 54 350 128 1.00 
chair 132 159 353 390 1.00 
chair 456 63 543 158 1.00 
chair 316 28 435 173 1.00 
chair 96 82 250 197 1.00 
chair 410 76 513 180 1.00 
chair 363 97 473 216 0.99 
chair 0 113 133 296 0.99 
desk 271 176 559 561 0.94 
chair 178 57 329 232 0.87 
desk 479 143 623 344 0.80 
chair 333 65 453 199 0.77 
