chair 434 101 527 196 0.99 
chair 651 60 773 136 0.98 
chair 330 197 517 385 0.98 
chair 518 78 605 157 0.97 
chair 443 107 621 289 0.97 
chair 551 85 723 247 0.97 
chair 340 122 443 231 0.97 
chair 215 161 357 295 0.96 
chair 104 279 355 476 0.96 
chair 625 244 826 388 0.95 
chair 493 302 794 476 0.94 
chair 60 184 247 347 0.94 
desk 97 70 810 560 0.93 
desk 19 82 617 417 0.93 
chair 695 104 840 374 0.91 
desk 28 82 463 246 0.85 
chair 231 101 342 192 0.68 
chair 243 123 349 238 0.66 
chair 434 101 527 196 0.99 
chair 651 60 773 136 0.98 
chair 330 197 517 385 0.98 
chair 518 78 605 157 0.97 
chair 443 107 621 289 0.97 
chair 551 85 723 247 0.97 
chair 340 122 443 231 0.97 
chair 215 161 357 295 0.96 
chair 104 279 355 476 0.96 
chair 625 244 826 388 0.95 
chair 493 302 794 476 0.94 
chair 60 184 247 347 0.94 
desk 97 70 810 560 0.93 
desk 19 82 617 417 0.93 
chair 695 104 840 374 0.91 
desk 28 82 463 246 0.85 
chair 231 101 342 192 0.68 
chair 243 123 349 238 0.66 
