chair 643 10 716 150 1.00 
chair 80 117 245 280 1.00 
chair 407 32 542 202 1.00 
table 161 75 660 493 1.00 
chair 574 13 653 129 1.00 
chair 559 140 800 454 1.00 
chair 41 219 410 598 1.00 
chair 497 48 610 140 0.99 
chair 155 70 342 244 0.99 
chair 2 205 231 477 0.98 
chair 48 150 231 377 0.85 
chair 119 125 485 537 0.76 
chair 626 101 821 361 0.73 
chair 551 21 627 129 0.51 
chair 643 10 716 150 1.00 
chair 80 117 245 280 1.00 
chair 407 32 542 202 1.00 
table 161 75 660 493 1.00 
chair 574 13 653 129 1.00 
chair 559 140 800 454 1.00 
chair 41 219 410 598 1.00 
chair 497 48 610 140 0.99 
chair 155 70 342 244 0.99 
chair 2 205 231 477 0.98 
chair 48 150 231 377 0.85 
chair 119 125 485 537 0.76 
chair 626 101 821 361 0.73 
chair 551 21 627 129 0.51 
