chair 248 179 386 420 1.00 
chair 220 156 313 348 1.00 
chair 644 192 831 366 1.00 
chair 453 140 589 260 1.00 
chair 393 128 502 225 1.00 
chair 525 163 694 297 1.00 
chair 344 218 499 530 1.00 
chair 418 254 677 603 1.00 
table 49 216 431 610 0.99 
table 397 185 827 500 0.92 
chair 577 174 766 333 0.78 
chair 381 222 597 519 0.69 
chair 280 195 439 449 0.65 
chair 655 86 736 186 0.57 
chair 248 179 386 420 1.00 
chair 220 156 313 348 1.00 
chair 644 192 831 366 1.00 
chair 453 140 589 260 1.00 
chair 393 128 502 225 1.00 
chair 525 163 694 297 1.00 
chair 344 218 499 530 1.00 
chair 418 254 677 603 1.00 
table 49 216 431 610 0.99 
table 397 185 827 500 0.92 
chair 577 174 766 333 0.78 
chair 381 222 597 519 0.69 
chair 280 195 439 449 0.65 
chair 655 86 736 186 0.57 
