table 603 168 744 246 0.99 
chair 396 289 607 599 0.99 
chair 636 236 801 395 0.96 
chair 538 178 645 307 0.96 
table 741 208 837 364 0.94 
chair 480 171 563 292 0.84 
table 570 176 754 285 0.77 
table 504 352 833 611 0.76 
table 505 194 607 294 0.57 
table 603 168 744 246 0.99 
chair 396 289 607 599 0.99 
chair 636 236 801 395 0.96 
chair 538 178 645 307 0.96 
table 741 208 837 364 0.94 
chair 480 171 563 292 0.84 
table 570 176 754 285 0.77 
table 504 352 833 611 0.76 
table 505 194 607 294 0.57 
