chair 309 1 386 52 1.00 
chair 389 0 486 44 1.00 
chair 326 37 425 111 1.00 
table 179 150 763 520 1.00 
chair 206 4 320 128 1.00 
chair 195 116 356 242 1.00 
chair 334 103 489 226 1.00 
chair 418 5 536 125 0.99 
chair 471 18 652 205 0.99 
chair 197 33 341 225 0.98 
table 215 83 463 235 0.96 
chair 309 1 386 52 1.00 
chair 389 0 486 44 1.00 
chair 326 37 425 111 1.00 
table 179 150 763 520 1.00 
chair 206 4 320 128 1.00 
chair 195 116 356 242 1.00 
chair 334 103 489 226 1.00 
chair 418 5 536 125 0.99 
chair 471 18 652 205 0.99 
chair 197 33 341 225 0.98 
table 215 83 463 235 0.96 
