chair 328 64 472 341 1.00 
chair 110 2 255 149 1.00 
chair 337 19 442 155 1.00 
chair 0 65 146 399 1.00 
chair 341 40 453 233 1.00 
chair 40 38 218 272 0.99 
chair 1 247 119 611 0.97 
chair 323 130 473 575 0.87 
table 100 33 433 584 0.84 
table 494 0 834 579 0.83 
chair 158 3 270 118 0.82 
chair 72 24 264 206 0.53 
chair 328 64 472 341 1.00 
chair 110 2 255 149 1.00 
chair 337 19 442 155 1.00 
chair 0 65 146 399 1.00 
chair 341 40 453 233 1.00 
chair 40 38 218 272 0.99 
chair 1 247 119 611 0.97 
chair 323 130 473 575 0.87 
table 100 33 433 584 0.84 
table 494 0 834 579 0.83 
chair 158 3 270 118 0.82 
chair 72 24 264 206 0.53 
