chair 132 224 390 515 1.00 
chair 632 53 710 215 0.99 
chair 317 149 494 407 0.97 
chair 372 96 503 193 0.96 
desk 343 137 566 569 0.95 
chair 633 125 821 375 0.93 
chair 688 159 836 465 0.91 
desk 400 79 526 251 0.87 
table 415 59 520 191 0.84 
chair 636 59 765 270 0.82 
chair 389 44 486 178 0.67 
chair 132 224 390 515 1.00 
chair 632 53 710 215 0.99 
chair 317 149 494 407 0.97 
chair 372 96 503 193 0.96 
desk 343 137 566 569 0.95 
chair 633 125 821 375 0.93 
chair 688 159 836 465 0.91 
desk 400 79 526 251 0.87 
table 415 59 520 191 0.84 
chair 636 59 765 270 0.82 
chair 389 44 486 178 0.67 
