chair 252 105 384 231 0.99 
chair 403 89 516 195 0.98 
chair 292 214 504 485 0.96 
chair 227 60 327 171 0.94 
chair 481 185 669 410 0.92 
chair 342 58 439 189 0.90 
desk 284 82 436 212 0.66 
desk 223 74 343 225 0.61 
desk 443 117 735 429 0.52 
desk 338 160 618 463 0.51 
chair 252 105 384 231 0.99 
chair 403 89 516 195 0.98 
chair 292 214 504 485 0.96 
chair 227 60 327 171 0.94 
chair 481 185 669 410 0.92 
chair 342 58 439 189 0.90 
desk 284 82 436 212 0.66 
desk 223 74 343 225 0.61 
desk 443 117 735 429 0.52 
desk 338 160 618 463 0.51 
