chair 118 67 291 256 1.00 
chair 457 45 558 167 1.00 
chair 227 170 457 449 1.00 
chair 0 132 156 411 1.00 
chair 299 130 471 368 1.00 
chair 212 48 344 192 0.99 
chair 652 2 750 123 0.98 
chair 341 76 506 214 0.97 
table 411 116 646 540 0.96 
chair 17 92 190 325 0.93 
table 43 105 355 459 0.90 
chair 282 83 446 302 0.63 
chair 54 82 235 275 0.62 
desk 501 54 650 247 0.61 
chair 118 67 291 256 1.00 
chair 457 45 558 167 1.00 
chair 227 170 457 449 1.00 
chair 0 132 156 411 1.00 
chair 299 130 471 368 1.00 
chair 212 48 344 192 0.99 
chair 652 2 750 123 0.98 
chair 341 76 506 214 0.97 
table 411 116 646 540 0.96 
chair 17 92 190 325 0.93 
table 43 105 355 459 0.90 
chair 282 83 446 302 0.63 
chair 54 82 235 275 0.62 
desk 501 54 650 247 0.61 
