chair 253 122 349 199 1.00 
table 40 103 451 382 1.00 
chair 744 94 824 287 1.00 
chair 311 102 383 171 0.99 
chair 375 114 484 237 0.99 
chair 150 157 269 291 0.97 
table 4 95 307 332 0.96 
chair 195 202 328 408 0.94 
table 144 139 376 418 0.85 
chair 151 87 260 183 0.72 
chair 58 189 176 315 0.63 
chair 253 122 349 199 1.00 
table 40 103 451 382 1.00 
chair 744 94 824 287 1.00 
chair 311 102 383 171 0.99 
chair 375 114 484 237 0.99 
chair 150 157 269 291 0.97 
table 4 95 307 332 0.96 
chair 195 202 328 408 0.94 
table 144 139 376 418 0.85 
chair 151 87 260 183 0.72 
chair 58 189 176 315 0.63 
