chair 491 123 724 366 1.00 
chair 528 21 671 176 1.00 
chair 401 87 583 294 1.00 
table 23 51 213 196 1.00 
chair 638 37 809 207 1.00 
chair 204 226 518 591 1.00 
chair 0 96 106 270 1.00 
table 234 117 649 442 0.99 
chair 117 204 400 567 0.99 
chair 116 36 265 167 0.98 
chair 491 123 724 366 1.00 
chair 528 21 671 176 1.00 
chair 401 87 583 294 1.00 
table 23 51 213 196 1.00 
chair 638 37 809 207 1.00 
chair 204 226 518 591 1.00 
chair 0 96 106 270 1.00 
table 234 117 649 442 0.99 
chair 117 204 400 567 0.99 
chair 116 36 265 167 0.98 
