chair 123 176 221 307 1.00 
chair 638 320 836 610 1.00 
chair 20 143 118 230 1.00 
chair 289 151 429 317 1.00 
chair 124 127 193 194 1.00 
chair 178 195 329 380 1.00 
chair 580 95 695 212 1.00 
chair 233 143 353 272 1.00 
chair 439 106 502 152 1.00 
chair 376 88 457 177 1.00 
chair 552 257 735 393 1.00 
table 52 140 283 295 0.99 
table 230 175 588 424 0.98 
chair 436 307 672 508 0.96 
chair 737 227 834 470 0.89 
chair 123 176 221 307 1.00 
chair 638 320 836 610 1.00 
chair 20 143 118 230 1.00 
chair 289 151 429 317 1.00 
chair 124 127 193 194 1.00 
chair 178 195 329 380 1.00 
chair 580 95 695 212 1.00 
chair 233 143 353 272 1.00 
chair 439 106 502 152 1.00 
chair 376 88 457 177 1.00 
chair 552 257 735 393 1.00 
table 52 140 283 295 0.99 
table 230 175 588 424 0.98 
chair 436 307 672 508 0.96 
chair 737 227 834 470 0.89 
