chair 742 23 820 120 1.00 
chair 214 160 358 356 0.99 
table 262 57 411 152 0.99 
table 159 67 312 147 0.99 
chair 98 143 218 247 0.99 
desk 476 15 666 225 0.97 
chair 21 178 163 282 0.95 
chair 32 266 271 516 0.93 
table 4 156 357 511 0.89 
table 0 149 224 334 0.88 
chair 742 23 820 120 1.00 
chair 214 160 358 356 0.99 
table 262 57 411 152 0.99 
table 159 67 312 147 0.99 
chair 98 143 218 247 0.99 
desk 476 15 666 225 0.97 
chair 21 178 163 282 0.95 
chair 32 266 271 516 0.93 
table 4 156 357 511 0.89 
table 0 149 224 334 0.88 
