chair 490 2 612 113 1.00 
chair 444 104 657 421 1.00 
chair 251 38 410 186 1.00 
chair 585 47 743 317 1.00 
chair 400 8 537 147 0.99 
chair 658 11 821 203 0.98 
chair 248 159 534 556 0.97 
chair 109 74 294 339 0.97 
desk 193 21 739 561 0.97 
desk 60 0 639 421 0.93 
desk 355 51 684 488 0.55 
chair 627 44 809 303 0.52 
chair 490 2 612 113 1.00 
chair 444 104 657 421 1.00 
chair 251 38 410 186 1.00 
chair 585 47 743 317 1.00 
chair 400 8 537 147 0.99 
chair 658 11 821 203 0.98 
chair 248 159 534 556 0.97 
chair 109 74 294 339 0.97 
desk 193 21 739 561 0.97 
desk 60 0 639 421 0.93 
desk 355 51 684 488 0.55 
chair 627 44 809 303 0.52 
