chair 328 179 659 583 1.00 
chair 578 42 757 201 1.00 
chair 136 138 432 517 1.00 
chair 493 0 630 103 1.00 
chair 440 27 602 174 1.00 
chair 608 2 804 113 0.99 
chair 0 105 252 434 0.99 
desk 0 99 759 548 0.98 
desk 367 9 809 211 0.93 
desk 215 2 428 145 0.89 
chair 543 8 709 109 0.73 
chair 328 179 659 583 1.00 
chair 578 42 757 201 1.00 
chair 136 138 432 517 1.00 
chair 493 0 630 103 1.00 
chair 440 27 602 174 1.00 
chair 608 2 804 113 0.99 
chair 0 105 252 434 0.99 
desk 0 99 759 548 0.98 
desk 367 9 809 211 0.93 
desk 215 2 428 145 0.89 
chair 543 8 709 109 0.73 
