chair 488 82 630 209 1.00 
chair 608 91 784 323 1.00 
chair 395 225 632 523 1.00 
chair 365 80 482 173 0.99 
chair 183 60 249 129 0.98 
chair 322 65 421 161 0.98 
table 461 61 833 347 0.98 
chair 159 145 306 344 0.97 
chair 261 164 447 402 0.97 
chair 114 108 232 295 0.94 
table 245 139 677 525 0.94 
table 319 64 541 179 0.88 
chair 209 46 308 140 0.88 
table 99 115 351 335 0.83 
desk 240 14 391 145 0.83 
table 455 73 701 222 0.50 
chair 488 82 630 209 1.00 
chair 608 91 784 323 1.00 
chair 395 225 632 523 1.00 
chair 365 80 482 173 0.99 
chair 183 60 249 129 0.98 
chair 322 65 421 161 0.98 
table 461 61 833 347 0.98 
chair 159 145 306 344 0.97 
chair 261 164 447 402 0.97 
chair 114 108 232 295 0.94 
table 245 139 677 525 0.94 
table 319 64 541 179 0.88 
chair 209 46 308 140 0.88 
table 99 115 351 335 0.83 
desk 240 14 391 145 0.83 
table 455 73 701 222 0.50 
