chair 269 301 560 607 1.00 
chair 112 117 309 385 1.00 
chair 29 119 207 321 0.99 
chair 514 39 608 128 0.99 
chair 463 96 665 341 0.98 
table 312 114 770 566 0.98 
chair 323 141 535 379 0.98 
chair 573 47 729 228 0.98 
table 541 70 831 386 0.95 
chair 723 101 833 324 0.94 
table 630 50 829 197 0.93 
table 365 42 592 142 0.90 
table 163 75 425 313 0.90 
chair 282 76 367 253 0.90 
table 48 47 172 178 0.74 
chair 462 29 542 147 0.69 
chair 467 118 728 445 0.68 
chair 649 118 820 379 0.67 
table 673 74 833 269 0.60 
table 511 38 645 173 0.56 
chair 556 9 627 83 0.54 
chair 269 301 560 607 1.00 
chair 112 117 309 385 1.00 
chair 29 119 207 321 0.99 
chair 514 39 608 128 0.99 
chair 463 96 665 341 0.98 
table 312 114 770 566 0.98 
chair 323 141 535 379 0.98 
chair 573 47 729 228 0.98 
table 541 70 831 386 0.95 
chair 723 101 833 324 0.94 
table 630 50 829 197 0.93 
table 365 42 592 142 0.90 
table 163 75 425 313 0.90 
chair 282 76 367 253 0.90 
table 48 47 172 178 0.74 
chair 462 29 542 147 0.69 
chair 467 118 728 445 0.68 
chair 649 118 820 379 0.67 
table 673 74 833 269 0.60 
table 511 38 645 173 0.56 
chair 556 9 627 83 0.54 
