chair 674 70 774 218 1.00 
chair 368 97 550 356 1.00 
chair 575 233 833 606 1.00 
chair 197 110 370 420 0.99 
chair 339 330 644 614 0.99 
table 544 131 832 342 0.99 
chair 544 74 714 323 0.98 
table 187 147 678 456 0.98 
chair 722 233 833 583 0.93 
chair 288 199 634 569 0.59 
chair 674 70 774 218 1.00 
chair 368 97 550 356 1.00 
chair 575 233 833 606 1.00 
chair 197 110 370 420 0.99 
chair 339 330 644 614 0.99 
table 544 131 832 342 0.99 
chair 544 74 714 323 0.98 
table 187 147 678 456 0.98 
chair 722 233 833 583 0.93 
chair 288 199 634 569 0.59 
