chair 192 156 332 272 1.00 
chair 496 96 599 235 1.00 
chair 320 112 412 247 1.00 
chair 564 98 674 241 1.00 
chair 603 190 811 491 1.00 
table 326 137 702 473 1.00 
chair 265 244 483 514 0.99 
chair 670 140 837 272 0.99 
chair 274 136 384 250 0.98 
chair 168 244 384 487 0.98 
chair 638 154 825 345 0.95 
chair 192 156 332 272 1.00 
chair 496 96 599 235 1.00 
chair 320 112 412 247 1.00 
chair 564 98 674 241 1.00 
chair 603 190 811 491 1.00 
table 326 137 702 473 1.00 
chair 265 244 483 514 0.99 
chair 670 140 837 272 0.99 
chair 274 136 384 250 0.98 
chair 168 244 384 487 0.98 
chair 638 154 825 345 0.95 
