chair 580 5 678 61 1.00 
chair 309 98 490 347 1.00 
chair 234 33 348 123 1.00 
chair 377 1 473 113 1.00 
chair 397 18 521 174 0.99 
chair 490 0 583 111 0.99 
chair 482 37 634 170 0.98 
chair 200 79 401 289 0.98 
table 106 97 465 442 0.98 
chair 706 7 813 152 0.97 
chair 574 65 739 311 0.95 
chair 385 155 675 540 0.91 
chair 53 73 221 270 0.89 
table 232 34 577 178 0.77 
table 249 27 740 247 0.54 
chair 258 60 453 316 0.53 
chair 580 5 678 61 1.00 
chair 309 98 490 347 1.00 
chair 234 33 348 123 1.00 
chair 377 1 473 113 1.00 
chair 397 18 521 174 0.99 
chair 490 0 583 111 0.99 
chair 482 37 634 170 0.98 
chair 200 79 401 289 0.98 
table 106 97 465 442 0.98 
chair 706 7 813 152 0.97 
chair 574 65 739 311 0.95 
chair 385 155 675 540 0.91 
chair 53 73 221 270 0.89 
table 232 34 577 178 0.77 
table 249 27 740 247 0.54 
chair 258 60 453 316 0.53 
