chair 362 127 458 196 1.00 
desk 326 128 748 576 0.99 
chair 6 221 143 313 0.99 
chair 253 121 339 211 0.98 
desk 118 117 285 225 0.97 
chair 178 138 282 250 0.97 
desk 279 130 462 249 0.97 
desk 2 207 207 505 0.96 
chair 137 233 353 483 0.93 
chair 270 132 372 234 0.84 
desk 160 120 351 240 0.77 
desk 59 233 318 577 0.77 
chair 112 127 223 215 0.62 
chair 288 155 383 280 0.56 
chair 362 127 458 196 1.00 
desk 326 128 748 576 0.99 
chair 6 221 143 313 0.99 
chair 253 121 339 211 0.98 
desk 118 117 285 225 0.97 
chair 178 138 282 250 0.97 
desk 279 130 462 249 0.97 
desk 2 207 207 505 0.96 
chair 137 233 353 483 0.93 
chair 270 132 372 234 0.84 
desk 160 120 351 240 0.77 
desk 59 233 318 577 0.77 
chair 112 127 223 215 0.62 
chair 288 155 383 280 0.56 
