chair 459 118 572 260 1.00 
chair 492 140 642 402 1.00 
chair 559 55 708 236 1.00 
chair 442 104 534 222 1.00 
chair 287 97 348 203 0.99 
chair 529 52 643 196 0.99 
chair 533 185 743 498 0.99 
chair 278 209 461 532 0.99 
chair 704 123 836 367 0.98 
chair 609 72 790 277 0.96 
chair 287 134 368 335 0.96 
desk 349 170 536 385 0.91 
desk 3 101 177 515 0.91 
chair 478 130 597 310 0.83 
chair 285 165 401 436 0.72 
chair 459 118 572 260 1.00 
chair 492 140 642 402 1.00 
chair 559 55 708 236 1.00 
chair 442 104 534 222 1.00 
chair 287 97 348 203 0.99 
chair 529 52 643 196 0.99 
chair 533 185 743 498 0.99 
chair 278 209 461 532 0.99 
chair 704 123 836 367 0.98 
chair 609 72 790 277 0.96 
chair 287 134 368 335 0.96 
desk 349 170 536 385 0.91 
desk 3 101 177 515 0.91 
chair 478 130 597 310 0.83 
chair 285 165 401 436 0.72 
