chair 345 101 510 351 1.00 
chair 394 33 504 183 1.00 
chair 3 208 292 607 1.00 
chair 38 126 194 329 0.99 
chair 322 25 439 179 0.99 
chair 184 69 304 206 0.99 
chair 91 47 248 224 0.99 
chair 502 59 594 228 0.98 
chair 252 87 404 329 0.98 
chair 252 23 361 153 0.95 
table 345 55 610 209 0.91 
chair 0 110 142 335 0.87 
table 6 103 436 438 0.77 
chair 8 146 216 476 0.57 
chair 392 32 502 180 1.00 
chair 339 102 505 354 1.00 
chair 1 199 292 612 0.99 
chair 188 66 308 198 0.98 
table 349 55 606 211 0.97 
chair 315 26 443 176 0.97 
chair 53 129 222 345 0.97 
chair 2 120 139 323 0.96 
chair 252 91 396 311 0.95 
chair 505 59 588 231 0.94 
chair 91 46 247 218 0.92 
chair 258 23 367 150 0.90 
desk 0 132 447 447 0.74 
table 218 61 585 285 0.67 
chair 366 64 502 264 0.66 
chair 287 82 456 340 0.61 
chair 345 101 510 351 1.00 
chair 394 33 504 183 1.00 
chair 3 208 292 607 1.00 
chair 38 126 194 329 0.99 
chair 322 25 439 179 0.99 
chair 184 69 304 206 0.99 
chair 91 47 248 224 0.99 
chair 502 59 594 228 0.98 
chair 252 87 404 329 0.98 
chair 252 23 361 153 0.95 
table 345 55 610 209 0.91 
chair 0 110 142 335 0.87 
table 6 103 436 438 0.77 
chair 8 146 216 476 0.57 
