desk 502 0 624 124 0.95 
desk 132 25 299 181 0.91 
chair 541 48 693 242 0.89 
desk 617 7 743 179 0.89 
chair 317 86 482 255 0.88 
chair 243 253 590 607 0.86 
chair 412 30 547 208 0.80 
chair 116 198 336 525 0.77 
desk 51 61 206 215 0.73 
chair 454 118 660 372 0.71 
desk 502 0 624 124 0.95 
desk 132 25 299 181 0.91 
chair 541 48 693 242 0.89 
desk 617 7 743 179 0.89 
chair 317 86 482 255 0.88 
chair 243 253 590 607 0.86 
chair 412 30 547 208 0.80 
chair 116 198 336 525 0.77 
desk 51 61 206 215 0.73 
chair 454 118 660 372 0.71 
