chair 560 73 670 200 0.99 
chair 202 90 318 247 0.99 
chair 613 112 717 281 0.98 
desk 182 142 405 498 0.98 
chair 484 166 669 413 0.97 
chair 390 91 483 222 0.97 
desk 638 108 834 354 0.96 
chair 419 110 549 294 0.91 
desk 521 69 719 298 0.90 
desk 148 101 298 365 0.89 
chair 260 169 418 449 0.86 
desk 668 78 831 265 0.80 
chair 218 113 335 304 0.64 
desk 374 105 647 375 0.63 
chair 560 73 670 200 0.99 
chair 202 90 318 247 0.99 
chair 613 112 717 281 0.98 
desk 182 142 405 498 0.98 
chair 484 166 669 413 0.97 
chair 390 91 483 222 0.97 
desk 638 108 834 354 0.96 
chair 419 110 549 294 0.91 
desk 521 69 719 298 0.90 
desk 148 101 298 365 0.89 
chair 260 169 418 449 0.86 
desk 668 78 831 265 0.80 
chair 218 113 335 304 0.64 
desk 374 105 647 375 0.63 
