chair 145 4 282 144 1.00 
chair 171 73 432 426 1.00 
chair 254 209 580 599 1.00 
chair 0 8 167 236 1.00 
chair 436 91 705 497 0.99 
table 625 32 834 240 0.99 
chair 335 43 544 140 0.99 
table 116 62 701 570 0.98 
chair 632 3 753 161 0.88 
chair 195 121 511 534 0.85 
chair 145 4 282 144 1.00 
chair 171 73 432 426 1.00 
chair 254 209 580 599 1.00 
chair 0 8 167 236 1.00 
chair 436 91 705 497 0.99 
table 625 32 834 240 0.99 
chair 335 43 544 140 0.99 
table 116 62 701 570 0.98 
chair 632 3 753 161 0.88 
chair 195 121 511 534 0.85 
