chair 714 153 828 307 1.00 
chair 457 175 540 292 1.00 
chair 652 128 744 255 1.00 
chair 428 165 512 298 0.98 
table 504 164 667 378 0.98 
table 0 411 319 599 0.97 
chair 500 344 827 605 0.96 
chair 455 192 553 360 0.94 
chair 656 146 789 326 0.93 
table 272 172 419 389 0.81 
chair 463 199 578 450 0.52 
chair 714 153 828 307 1.00 
chair 457 175 540 292 1.00 
chair 652 128 744 255 1.00 
chair 428 165 512 298 0.98 
table 504 164 667 378 0.98 
table 0 411 319 599 0.97 
chair 500 344 827 605 0.96 
chair 455 192 553 360 0.94 
chair 656 146 789 326 0.93 
table 272 172 419 389 0.81 
chair 463 199 578 450 0.52 
