chair 656 235 785 417 1.00 
chair 506 219 580 279 1.00 
chair 203 250 278 389 1.00 
chair 437 493 664 605 0.99 
table 241 317 657 598 0.99 
chair 608 246 697 378 0.99 
chair 291 244 363 305 0.98 
chair 349 272 465 434 0.98 
chair 687 430 838 606 0.97 
chair 617 429 797 603 0.96 
chair 238 282 374 476 0.96 
table 207 254 421 409 0.95 
chair 353 495 596 607 0.92 
chair 404 297 469 486 0.54 
chair 525 455 751 595 0.50 
chair 656 235 785 417 1.00 
chair 506 219 580 279 1.00 
chair 203 250 278 389 1.00 
chair 437 493 664 605 0.99 
table 241 317 657 598 0.99 
chair 608 246 697 378 0.99 
chair 291 244 363 305 0.98 
chair 349 272 465 434 0.98 
chair 687 430 838 606 0.97 
chair 617 429 797 603 0.96 
chair 238 282 374 476 0.96 
table 207 254 421 409 0.95 
chair 353 495 596 607 0.92 
chair 404 297 469 486 0.54 
chair 525 455 751 595 0.50 
