chair 102 2 195 99 1.00 
chair 314 25 444 273 1.00 
chair 162 57 317 318 1.00 
chair 204 2 314 73 1.00 
chair 305 227 649 530 1.00 
chair 529 262 753 458 0.99 
table 108 6 364 161 0.99 
chair 470 319 782 608 0.96 
table 190 76 666 470 0.95 
chair 700 229 833 603 0.94 
chair 102 2 195 99 1.00 
chair 314 25 444 273 1.00 
chair 162 57 317 318 1.00 
chair 204 2 314 73 1.00 
chair 305 227 649 530 1.00 
chair 529 262 753 458 0.99 
table 108 6 364 161 0.99 
chair 470 319 782 608 0.96 
table 190 76 666 470 0.95 
chair 700 229 833 603 0.94 
