chair 224 134 326 271 1.00 
chair 603 123 681 188 1.00 
chair 263 358 493 569 1.00 
chair 508 149 614 288 1.00 
chair 554 178 664 371 1.00 
table 226 189 635 369 1.00 
chair 152 117 241 248 1.00 
chair 698 122 779 215 1.00 
chair 383 156 501 301 1.00 
chair 44 279 291 465 1.00 
chair 649 194 746 317 1.00 
chair 0 261 89 411 0.98 
table 547 144 779 291 0.96 
table 9 151 135 283 0.95 
chair 582 181 708 348 0.55 
chair 224 134 326 271 1.00 
chair 603 123 681 188 1.00 
chair 263 358 493 569 1.00 
chair 508 149 614 288 1.00 
chair 554 178 664 371 1.00 
table 226 189 635 369 1.00 
chair 152 117 241 248 1.00 
chair 698 122 779 215 1.00 
chair 383 156 501 301 1.00 
chair 44 279 291 465 1.00 
chair 649 194 746 317 1.00 
chair 0 261 89 411 0.98 
table 547 144 779 291 0.96 
table 9 151 135 283 0.95 
chair 582 181 708 348 0.55 
