chair 129 144 254 272 1.00 
chair 242 114 354 243 1.00 
chair 387 296 672 451 1.00 
chair 457 80 530 171 1.00 
chair 546 219 794 346 1.00 
chair 4 165 126 315 1.00 
chair 279 205 389 378 0.99 
chair 56 248 282 455 0.99 
chair 390 164 491 314 0.99 
chair 394 89 470 192 0.99 
chair 331 104 413 209 0.98 
chair 227 368 569 605 0.97 
desk 4 66 636 387 0.96 
desk 57 38 507 199 0.89 
desk 43 120 717 571 0.83 
chair 349 95 459 202 0.58 
chair 129 144 254 272 1.00 
chair 242 114 354 243 1.00 
chair 387 296 672 451 1.00 
chair 457 80 530 171 1.00 
chair 546 219 794 346 1.00 
chair 4 165 126 315 1.00 
chair 279 205 389 378 0.99 
chair 56 248 282 455 0.99 
chair 390 164 491 314 0.99 
chair 394 89 470 192 0.99 
chair 331 104 413 209 0.98 
chair 227 368 569 605 0.97 
desk 4 66 636 387 0.96 
desk 57 38 507 199 0.89 
desk 43 120 717 571 0.83 
chair 349 95 459 202 0.58 
