chair 440 21 610 199 1.00 
chair 176 115 382 420 1.00 
chair 355 6 505 168 0.99 
table 20 55 652 563 0.99 
chair 270 2 387 115 0.98 
chair 70 71 281 350 0.98 
chair 533 139 738 412 0.92 
table 580 54 806 277 0.90 
table 298 6 612 196 0.88 
chair 14 55 173 308 0.84 
table 219 3 353 109 0.67 
chair 440 21 610 199 1.00 
chair 176 115 382 420 1.00 
chair 355 6 505 168 0.99 
table 20 55 652 563 0.99 
chair 270 2 387 115 0.98 
chair 70 71 281 350 0.98 
chair 533 139 738 412 0.92 
table 580 54 806 277 0.90 
table 298 6 612 196 0.88 
chair 14 55 173 308 0.84 
table 219 3 353 109 0.67 
