chair 556 208 742 407 1.00 
chair 365 93 432 144 1.00 
chair 41 134 117 196 1.00 
table 50 112 288 245 1.00 
chair 244 121 323 232 1.00 
chair 653 118 794 287 0.99 
chair 111 113 180 167 0.98 
chair 151 144 240 262 0.98 
chair 686 96 821 243 0.98 
chair 0 180 102 356 0.98 
chair 397 268 699 592 0.91 
table 639 215 834 596 0.89 
chair 248 92 302 133 0.77 
chair 556 208 742 407 1.00 
chair 365 93 432 144 1.00 
chair 41 134 117 196 1.00 
table 50 112 288 245 1.00 
chair 244 121 323 232 1.00 
chair 653 118 794 287 0.99 
chair 111 113 180 167 0.98 
chair 151 144 240 262 0.98 
chair 686 96 821 243 0.98 
chair 0 180 102 356 0.98 
chair 397 268 699 592 0.91 
table 639 215 834 596 0.89 
chair 248 92 302 133 0.77 
