chair 332 103 494 329 1.00 
chair 56 11 202 102 1.00 
chair 176 57 343 226 0.98 
chair 19 74 194 309 0.97 
chair 1 63 67 239 0.96 
desk 0 13 207 227 0.96 
desk 10 54 357 380 0.95 
chair 181 168 455 525 0.94 
desk 132 114 615 546 0.93 
desk 66 43 292 231 0.58 
chair 332 103 494 329 1.00 
chair 56 11 202 102 1.00 
chair 176 57 343 226 0.98 
chair 19 74 194 309 0.97 
chair 1 63 67 239 0.96 
desk 0 13 207 227 0.96 
desk 10 54 357 380 0.95 
chair 181 168 455 525 0.94 
desk 132 114 615 546 0.93 
desk 66 43 292 231 0.58 
