chair 628 256 796 394 1.00 
chair 258 229 368 358 1.00 
chair 258 287 421 444 1.00 
chair 473 176 572 252 1.00 
chair 330 430 561 606 1.00 
chair 568 209 647 347 1.00 
table 416 243 661 421 0.99 
chair 257 189 334 281 0.98 
chair 583 226 672 370 0.97 
table 360 192 459 341 0.97 
chair 628 256 796 394 1.00 
chair 258 229 368 358 1.00 
chair 258 287 421 444 1.00 
chair 473 176 572 252 1.00 
chair 330 430 561 606 1.00 
chair 568 209 647 347 1.00 
table 416 243 661 421 0.99 
chair 257 189 334 281 0.98 
chair 583 226 672 370 0.97 
table 360 192 459 341 0.97 
