chair 426 1 575 209 1.00 
chair 287 189 565 542 0.99 
chair 167 3 309 169 0.99 
chair 112 157 363 391 0.98 
chair 17 112 97 228 0.98 
chair 505 30 687 252 0.98 
desk 452 0 749 175 0.95 
desk 180 4 373 78 0.94 
desk 316 52 715 284 0.94 
desk 67 156 612 568 0.93 
desk 52 36 272 159 0.85 
desk 0 108 130 342 0.84 
desk 132 0 337 111 0.53 
chair 426 1 575 209 1.00 
chair 287 189 565 542 0.99 
chair 167 3 309 169 0.99 
chair 112 157 363 391 0.98 
chair 17 112 97 228 0.98 
chair 505 30 687 252 0.98 
desk 452 0 749 175 0.95 
desk 180 4 373 78 0.94 
desk 316 52 715 284 0.94 
desk 67 156 612 568 0.93 
desk 52 36 272 159 0.85 
desk 0 108 130 342 0.84 
desk 132 0 337 111 0.53 
