chair 142 348 271 455 1.00 
chair 14 382 190 564 0.99 
chair 285 353 398 556 0.99 
chair 194 391 343 608 0.99 
desk 539 275 708 352 0.98 
desk 89 373 408 591 0.98 
desk 239 314 479 474 0.98 
desk 580 379 835 604 0.97 
desk 164 342 461 527 0.92 
desk 555 328 835 503 0.92 
desk 10 437 360 605 0.87 
chair 639 373 787 570 0.77 
desk 646 471 834 604 0.73 
chair 142 348 271 455 1.00 
chair 14 382 190 564 0.99 
chair 285 353 398 556 0.99 
chair 194 391 343 608 0.99 
desk 539 275 708 352 0.98 
desk 89 373 408 591 0.98 
desk 239 314 479 474 0.98 
desk 580 379 835 604 0.97 
desk 164 342 461 527 0.92 
desk 555 328 835 503 0.92 
desk 10 437 360 605 0.87 
chair 639 373 787 570 0.77 
desk 646 471 834 604 0.73 
