chair 572 291 741 524 1.00 
desk 532 248 834 404 0.98 
desk 159 250 429 428 0.97 
chair 709 351 835 607 0.97 
desk 0 312 327 584 0.96 
chair 193 300 367 499 0.94 
chair 111 393 285 603 0.93 
chair 54 302 264 441 0.93 
desk 544 301 833 580 0.89 
chair 764 260 836 455 0.82 
chair 0 373 112 564 0.81 
chair 0 397 228 576 0.50 
chair 572 291 741 524 1.00 
desk 532 248 834 404 0.98 
desk 159 250 429 428 0.97 
chair 709 351 835 607 0.97 
desk 0 312 327 584 0.96 
chair 193 300 367 499 0.94 
chair 111 393 285 603 0.93 
chair 54 302 264 441 0.93 
desk 544 301 833 580 0.89 
chair 764 260 836 455 0.82 
chair 0 373 112 564 0.81 
chair 0 397 228 576 0.50 
