chair 433 62 502 134 1.00 
chair 352 333 552 516 1.00 
chair 535 61 601 133 1.00 
table 190 161 616 406 1.00 
chair 326 121 450 287 1.00 
chair 84 322 340 491 1.00 
chair 746 60 821 137 1.00 
chair 472 118 593 317 1.00 
table 386 70 592 138 0.96 
chair 491 96 589 139 0.73 
chair 275 133 431 319 0.59 
chair 478 98 596 215 0.55 
chair 433 62 502 134 1.00 
chair 352 333 552 516 1.00 
chair 535 61 601 133 1.00 
table 190 161 616 406 1.00 
chair 326 121 450 287 1.00 
chair 84 322 340 491 1.00 
chair 746 60 821 137 1.00 
chair 472 118 593 317 1.00 
table 386 70 592 138 0.96 
chair 491 96 589 139 0.73 
chair 275 133 431 319 0.59 
chair 478 98 596 215 0.55 
