chair 621 134 804 386 1.00 
chair 463 96 638 281 1.00 
chair 7 332 253 606 0.99 
chair 413 64 541 240 0.99 
chair 2 273 76 478 0.96 
desk 221 140 686 600 0.96 
desk 149 103 333 334 0.96 
desk 112 90 262 300 0.90 
desk 505 150 791 518 0.89 
desk 219 68 346 222 0.88 
desk 283 90 435 161 0.82 
desk 248 82 374 195 0.60 
chair 621 134 804 386 1.00 
chair 463 96 638 281 1.00 
chair 7 332 253 606 0.99 
chair 413 64 541 240 0.99 
chair 2 273 76 478 0.96 
desk 221 140 686 600 0.96 
desk 149 103 333 334 0.96 
desk 112 90 262 300 0.90 
desk 505 150 791 518 0.89 
desk 219 68 346 222 0.88 
desk 283 90 435 161 0.82 
desk 248 82 374 195 0.60 
