chair 193 204 289 370 1.00 
chair 65 244 270 471 1.00 
chair 530 166 628 295 1.00 
chair 518 224 678 389 1.00 
chair 508 289 729 586 1.00 
chair 515 255 698 481 0.99 
chair 379 129 441 177 0.99 
chair 544 148 631 249 0.99 
chair 273 165 353 241 0.99 
table 241 208 488 382 0.98 
chair 535 139 610 221 0.97 
chair 710 158 834 282 0.95 
chair 319 150 388 209 0.95 
chair 294 154 373 225 0.92 
chair 340 132 420 221 0.91 
table 428 128 519 227 0.88 
table 400 150 509 292 0.87 
chair 193 204 289 370 1.00 
chair 65 244 270 471 1.00 
chair 530 166 628 295 1.00 
chair 518 224 678 389 1.00 
chair 508 289 729 586 1.00 
chair 515 255 698 481 0.99 
chair 379 129 441 177 0.99 
chair 544 148 631 249 0.99 
chair 273 165 353 241 0.99 
table 241 208 488 382 0.98 
chair 535 139 610 221 0.97 
chair 710 158 834 282 0.95 
chair 319 150 388 209 0.95 
chair 294 154 373 225 0.92 
chair 340 132 420 221 0.91 
table 428 128 519 227 0.88 
table 400 150 509 292 0.87 
