chair 585 113 831 367 1.00 
chair 446 129 749 419 0.99 
chair 318 314 654 606 0.99 
chair 240 39 456 312 0.99 
chair 571 28 748 224 0.98 
desk 77 107 420 531 0.95 
chair 60 102 296 419 0.90 
chair 438 16 577 238 0.87 
desk 302 55 592 383 0.82 
desk 470 47 709 267 0.81 
desk 140 25 526 387 0.80 
chair 594 61 798 279 0.63 
chair 585 113 831 367 1.00 
chair 446 129 749 419 0.99 
chair 318 314 654 606 0.99 
chair 240 39 456 312 0.99 
chair 571 28 748 224 0.98 
desk 77 107 420 531 0.95 
chair 60 102 296 419 0.90 
chair 438 16 577 238 0.87 
desk 302 55 592 383 0.82 
desk 470 47 709 267 0.81 
desk 140 25 526 387 0.80 
chair 594 61 798 279 0.63 
