chair 294 141 430 300 1.00 
chair 416 120 525 258 1.00 
chair 222 280 521 611 1.00 
chair 434 227 674 503 0.99 
chair 118 122 240 313 0.99 
chair 593 114 691 230 0.99 
chair 509 116 662 299 0.99 
chair 598 211 784 446 0.99 
chair 714 178 836 383 0.99 
chair 329 107 445 244 0.98 
chair 491 94 586 240 0.97 
chair 229 127 357 273 0.96 
table 322 381 842 606 0.96 
table 186 169 833 557 0.93 
chair 150 177 318 453 0.90 
chair 294 141 430 300 1.00 
chair 416 120 525 258 1.00 
chair 222 280 521 611 1.00 
chair 434 227 674 503 0.99 
chair 118 122 240 313 0.99 
chair 593 114 691 230 0.99 
chair 509 116 662 299 0.99 
chair 598 211 784 446 0.99 
chair 714 178 836 383 0.99 
chair 329 107 445 244 0.98 
chair 491 94 586 240 0.97 
chair 229 127 357 273 0.96 
table 322 381 842 606 0.96 
table 186 169 833 557 0.93 
chair 150 177 318 453 0.90 
