chair 448 84 526 161 1.00 
chair 514 93 621 163 1.00 
chair 596 109 709 191 1.00 
chair 572 190 760 399 1.00 
chair 378 136 479 270 1.00 
chair 459 152 609 335 1.00 
chair 317 115 392 235 1.00 
chair 376 56 471 159 0.99 
chair 251 105 351 217 0.99 
desk 192 106 767 411 0.98 
chair 694 123 834 269 0.98 
chair 377 85 472 211 0.88 
desk 355 74 813 219 0.84 
chair 448 84 526 161 1.00 
chair 514 93 621 163 1.00 
chair 596 109 709 191 1.00 
chair 572 190 760 399 1.00 
chair 378 136 479 270 1.00 
chair 459 152 609 335 1.00 
chair 317 115 392 235 1.00 
chair 376 56 471 159 0.99 
chair 251 105 351 217 0.99 
desk 192 106 767 411 0.98 
chair 694 123 834 269 0.98 
chair 377 85 472 211 0.88 
desk 355 74 813 219 0.84 
