chair 596 316 765 470 1.00 
table 150 195 528 459 1.00 
chair 120 124 201 193 1.00 
chair 125 189 256 397 1.00 
chair 363 388 522 541 1.00 
chair 472 264 643 463 1.00 
chair 1 140 102 219 1.00 
chair 492 403 695 610 1.00 
chair 249 183 365 346 0.99 
chair 250 163 351 234 0.98 
table 31 147 278 295 0.96 
chair 547 297 717 462 0.76 
table 85 135 248 238 0.62 
chair 101 151 174 252 0.50 
chair 596 316 765 470 1.00 
table 150 195 528 459 1.00 
chair 120 124 201 193 1.00 
chair 125 189 256 397 1.00 
chair 363 388 522 541 1.00 
chair 472 264 643 463 1.00 
chair 1 140 102 219 1.00 
chair 492 403 695 610 1.00 
chair 249 183 365 346 0.99 
chair 250 163 351 234 0.98 
table 31 147 278 295 0.96 
chair 547 297 717 462 0.76 
table 85 135 248 238 0.62 
chair 101 151 174 252 0.50 
