chair 398 184 501 302 1.00 
chair 3 279 179 544 1.00 
chair 388 216 514 335 1.00 
chair 0 253 139 455 1.00 
chair 573 239 777 483 1.00 
chair 63 461 403 607 1.00 
chair 315 188 434 306 1.00 
chair 479 186 605 341 0.99 
table 344 288 847 612 0.99 
table 149 214 400 372 0.98 
table 496 171 632 290 0.62 
chair 398 184 501 302 1.00 
chair 3 279 179 544 1.00 
chair 388 216 514 335 1.00 
chair 0 253 139 455 1.00 
chair 573 239 777 483 1.00 
chair 63 461 403 607 1.00 
chair 315 188 434 306 1.00 
chair 479 186 605 341 0.99 
table 344 288 847 612 0.99 
table 149 214 400 372 0.98 
table 496 171 632 290 0.62 
