desk 502 135 835 487 1.00 
chair 343 145 422 286 1.00 
chair 60 289 270 601 1.00 
chair 101 183 223 338 0.99 
desk 1 241 148 585 0.99 
desk 419 164 525 331 0.97 
chair 270 213 393 374 0.97 
chair 205 170 289 311 0.93 
chair 2 163 165 238 0.92 
desk 228 154 339 323 0.89 
chair 421 185 485 319 0.85 
desk 502 135 835 487 1.00 
chair 343 145 422 286 1.00 
chair 60 289 270 601 1.00 
chair 101 183 223 338 0.99 
desk 1 241 148 585 0.99 
desk 419 164 525 331 0.97 
chair 270 213 393 374 0.97 
chair 205 170 289 311 0.93 
chair 2 163 165 238 0.92 
desk 228 154 339 323 0.89 
chair 421 185 485 319 0.85 
