chair 559 19 677 117 0.99 
chair 0 398 243 608 0.99 
chair 494 7 606 100 0.99 
chair 693 41 835 176 0.98 
chair 610 120 754 438 0.96 
desk 109 17 822 609 0.95 
table 453 19 841 339 0.93 
chair 441 77 627 295 0.93 
chair 305 39 421 197 0.92 
chair 363 49 509 228 0.91 
table 416 70 718 381 0.74 
table 344 57 790 508 0.72 
chair 559 19 677 117 0.99 
chair 0 398 243 608 0.99 
chair 494 7 606 100 0.99 
chair 693 41 835 176 0.98 
chair 610 120 754 438 0.96 
desk 109 17 822 609 0.95 
table 453 19 841 339 0.93 
chair 441 77 627 295 0.93 
chair 305 39 421 197 0.92 
chair 363 49 509 228 0.91 
table 416 70 718 381 0.74 
table 344 57 790 508 0.72 
