chair 495 118 750 487 1.00 
chair 223 269 609 611 1.00 
chair 79 28 246 177 0.99 
chair 356 73 578 393 0.98 
chair 245 7 376 140 0.97 
table 54 33 327 326 0.91 
chair 147 109 398 417 0.80 
table 312 168 600 502 0.64 
chair 123 192 504 516 0.61 
table 406 109 651 434 0.56 
chair 503 132 753 496 1.00 
chair 206 265 612 608 0.99 
chair 79 31 248 169 0.99 
chair 359 79 585 400 0.99 
chair 240 8 396 133 0.93 
table 59 37 323 314 0.89 
chair 142 124 430 487 0.74 
chair 495 118 750 487 1.00 
chair 223 269 609 611 1.00 
chair 79 28 246 177 0.99 
chair 356 73 578 393 0.98 
chair 245 7 376 140 0.97 
table 54 33 327 326 0.91 
chair 147 109 398 417 0.80 
table 312 168 600 502 0.64 
chair 123 192 504 516 0.61 
table 406 109 651 434 0.56 
