chair 514 23 614 135 1.00 
chair 316 347 563 577 1.00 
chair 476 228 693 422 1.00 
chair 432 28 535 117 0.99 
chair 687 94 833 257 0.99 
chair 52 117 244 375 0.99 
chair 202 86 339 182 0.99 
table 117 115 572 507 0.99 
table 40 56 249 201 0.98 
table 592 32 722 175 0.93 
chair 514 23 614 135 1.00 
chair 316 347 563 577 1.00 
chair 476 228 693 422 1.00 
chair 432 28 535 117 0.99 
chair 687 94 833 257 0.99 
chair 52 117 244 375 0.99 
chair 202 86 339 182 0.99 
table 117 115 572 507 0.99 
table 40 56 249 201 0.98 
table 592 32 722 175 0.93 
