chair 333 227 607 604 1.00 
chair 113 119 320 380 1.00 
chair 1 129 161 277 1.00 
chair 195 204 451 503 0.99 
chair 401 0 514 129 0.99 
chair 513 12 652 174 0.99 
desk 258 7 494 210 0.98 
desk 628 20 817 181 0.97 
desk 420 40 715 287 0.93 
desk 157 23 380 238 0.89 
desk 264 71 661 402 0.85 
desk 347 14 604 198 0.55 
chair 333 227 607 604 1.00 
chair 113 119 320 380 1.00 
chair 1 129 161 277 1.00 
chair 195 204 451 503 0.99 
chair 401 0 514 129 0.99 
chair 513 12 652 174 0.99 
desk 258 7 494 210 0.98 
desk 628 20 817 181 0.97 
desk 420 40 715 287 0.93 
desk 157 23 380 238 0.89 
desk 264 71 661 402 0.85 
desk 347 14 604 198 0.55 
