chair 400 86 586 353 1.00 
chair 170 127 391 439 1.00 
chair 338 4 448 149 0.97 
table 417 144 725 494 0.96 
chair 0 87 106 274 0.95 
chair 226 31 341 169 0.93 
table 160 160 473 541 0.89 
table 187 58 382 195 0.87 
table 249 55 501 189 0.75 
table 354 47 528 201 0.57 
chair 400 86 586 353 1.00 
chair 170 127 391 439 1.00 
chair 338 4 448 149 0.97 
table 417 144 725 494 0.96 
chair 0 87 106 274 0.95 
chair 226 31 341 169 0.93 
table 160 160 473 541 0.89 
table 187 58 382 195 0.87 
table 249 55 501 189 0.75 
table 354 47 528 201 0.57 
