chair 380 334 540 567 1.00 
chair 220 227 338 345 1.00 
chair 278 207 377 309 1.00 
chair 113 197 197 254 0.99 
chair 273 389 520 600 0.99 
chair 124 250 298 395 0.99 
chair 357 178 431 269 0.99 
chair 432 279 546 415 0.99 
chair 528 191 575 248 0.99 
chair 33 214 155 344 0.98 
chair 327 191 412 279 0.98 
chair 489 221 564 321 0.97 
chair 259 167 309 246 0.97 
chair 10 296 177 517 0.96 
chair 155 189 244 266 0.96 
chair 514 200 570 266 0.96 
chair 456 251 552 378 0.96 
chair 184 180 271 274 0.95 
table 17 216 490 567 0.89 
chair 0 375 95 541 0.88 
table 643 215 825 599 0.83 
table 505 147 552 216 0.71 
chair 141 383 462 596 0.61 
chair 209 170 292 264 0.58 
table 27 213 380 441 0.58 
chair 5 352 130 596 0.51 
chair 380 334 540 567 1.00 
chair 220 227 338 345 1.00 
chair 278 207 377 309 1.00 
chair 113 197 197 254 0.99 
chair 273 389 520 600 0.99 
chair 124 250 298 395 0.99 
chair 357 178 431 269 0.99 
chair 432 279 546 415 0.99 
chair 528 191 575 248 0.99 
chair 33 214 155 344 0.98 
chair 327 191 412 279 0.98 
chair 489 221 564 321 0.97 
chair 259 167 309 246 0.97 
chair 10 296 177 517 0.96 
chair 155 189 244 266 0.96 
chair 514 200 570 266 0.96 
chair 456 251 552 378 0.96 
chair 184 180 271 274 0.95 
table 17 216 490 567 0.89 
chair 0 375 95 541 0.88 
table 643 215 825 599 0.83 
table 505 147 552 216 0.71 
chair 141 383 462 596 0.61 
chair 209 170 292 264 0.58 
table 27 213 380 441 0.58 
chair 5 352 130 596 0.51 
