chair 561 8 643 126 1.00 
chair 625 5 698 66 1.00 
chair 538 73 654 230 1.00 
chair 351 78 480 152 1.00 
chair 363 179 646 585 1.00 
chair 689 57 831 236 1.00 
chair 178 95 338 188 1.00 
chair 45 101 115 174 1.00 
chair 454 22 542 134 1.00 
chair 72 119 215 223 0.99 
chair 290 64 335 136 0.99 
table 93 113 572 498 0.99 
chair 67 200 293 484 0.99 
chair 490 147 700 432 0.99 
chair 47 164 241 413 0.98 
chair 211 67 296 157 0.98 
chair 449 67 563 225 0.98 
chair 485 23 562 126 0.98 
chair 0 111 53 231 0.93 
chair 561 8 643 126 1.00 
chair 625 5 698 66 1.00 
chair 538 73 654 230 1.00 
chair 351 78 480 152 1.00 
chair 363 179 646 585 1.00 
chair 689 57 831 236 1.00 
chair 178 95 338 188 1.00 
chair 45 101 115 174 1.00 
chair 454 22 542 134 1.00 
chair 72 119 215 223 0.99 
chair 290 64 335 136 0.99 
table 93 113 572 498 0.99 
chair 67 200 293 484 0.99 
chair 490 147 700 432 0.99 
chair 47 164 241 413 0.98 
chair 211 67 296 157 0.98 
chair 449 67 563 225 0.98 
chair 485 23 562 126 0.98 
chair 0 111 53 231 0.93 
