chair 142 290 275 417 1.00 
chair 54 304 150 432 1.00 
chair 224 246 296 342 1.00 
chair 487 263 602 417 1.00 
chair 515 217 576 270 1.00 
chair 1 443 178 606 0.99 
chair 590 255 707 375 0.99 
chair 659 412 834 611 0.99 
chair 158 254 209 311 0.99 
chair 436 225 506 279 0.98 
table 489 284 820 499 0.95 
chair 585 403 759 603 0.93 
table 0 338 267 572 0.86 
chair 62 301 159 430 1.00 
chair 667 412 835 601 1.00 
chair 598 252 713 368 0.99 
chair 150 285 273 420 0.99 
chair 228 241 295 340 0.99 
chair 156 254 217 307 0.98 
chair 4 441 199 601 0.96 
chair 572 395 757 600 0.95 
chair 478 264 600 423 0.91 
chair 513 216 578 267 0.88 
table 502 307 791 551 0.88 
chair 439 223 505 276 0.82 
table 37 323 263 580 0.64 
chair 209 256 292 382 0.52 
chair 142 290 275 417 1.00 
chair 54 304 150 432 1.00 
chair 224 246 296 342 1.00 
chair 487 263 602 417 1.00 
chair 515 217 576 270 1.00 
chair 1 443 178 606 0.99 
chair 590 255 707 375 0.99 
chair 659 412 834 611 0.99 
chair 158 254 209 311 0.99 
chair 436 225 506 279 0.98 
table 489 284 820 499 0.95 
chair 585 403 759 603 0.93 
table 0 338 267 572 0.86 
