chair 187 44 362 267 1.00 
chair 42 87 292 358 1.00 
chair 537 6 620 84 1.00 
chair 488 7 586 112 1.00 
chair 493 175 722 364 1.00 
chair 372 258 654 547 1.00 
chair 582 213 836 605 0.99 
table 97 96 566 424 0.99 
chair 678 42 833 241 0.99 
chair 650 159 833 414 0.96 
chair 485 225 743 582 0.81 
chair 159 68 428 325 0.79 
desk 556 6 764 221 0.78 
chair 187 44 362 267 1.00 
chair 42 87 292 358 1.00 
chair 537 6 620 84 1.00 
chair 488 7 586 112 1.00 
chair 493 175 722 364 1.00 
chair 372 258 654 547 1.00 
chair 582 213 836 605 0.99 
table 97 96 566 424 0.99 
chair 678 42 833 241 0.99 
chair 650 159 833 414 0.96 
chair 485 225 743 582 0.81 
chair 159 68 428 325 0.79 
desk 556 6 764 221 0.78 
