chair 58 123 241 380 1.00 
chair 158 91 282 226 1.00 
chair 592 72 713 248 0.99 
chair 677 145 823 379 0.98 
chair 405 148 570 375 0.92 
desk 174 206 412 601 0.91 
desk 297 48 420 188 0.87 
chair 715 177 832 476 0.86 
desk 246 106 411 211 0.86 
desk 426 225 698 606 0.85 
chair 408 70 502 159 0.83 
desk 416 64 561 258 0.77 
chair 410 42 519 209 0.67 
chair 298 126 431 354 0.60 
desk 443 142 619 421 0.53 
desk 200 91 332 211 0.51 
chair 58 123 241 380 1.00 
chair 158 91 282 226 1.00 
chair 592 72 713 248 0.99 
chair 677 145 823 379 0.98 
chair 405 148 570 375 0.92 
desk 174 206 412 601 0.91 
desk 297 48 420 188 0.87 
chair 715 177 832 476 0.86 
desk 246 106 411 211 0.86 
desk 426 225 698 606 0.85 
chair 408 70 502 159 0.83 
desk 416 64 561 258 0.77 
chair 410 42 519 209 0.67 
chair 298 126 431 354 0.60 
desk 443 142 619 421 0.53 
desk 200 91 332 211 0.51 
