chair 191 123 300 203 1.00 
chair 501 97 608 214 1.00 
chair 278 106 371 172 1.00 
chair 442 116 566 248 1.00 
chair 396 65 491 186 1.00 
chair 554 84 649 181 1.00 
chair 160 91 245 173 1.00 
chair 288 56 380 162 1.00 
chair 337 144 499 342 0.99 
chair 0 125 92 247 0.99 
chair 192 175 408 468 0.99 
chair 67 144 235 312 0.99 
chair 229 71 327 175 0.99 
chair 83 95 223 225 0.99 
chair 341 73 449 202 0.99 
table 369 114 779 597 0.98 
chair 391 128 528 286 0.57 
chair 191 123 300 203 1.00 
chair 501 97 608 214 1.00 
chair 278 106 371 172 1.00 
chair 442 116 566 248 1.00 
chair 396 65 491 186 1.00 
chair 554 84 649 181 1.00 
chair 160 91 245 173 1.00 
chair 288 56 380 162 1.00 
chair 337 144 499 342 0.99 
chair 0 125 92 247 0.99 
chair 192 175 408 468 0.99 
chair 67 144 235 312 0.99 
chair 229 71 327 175 0.99 
chair 83 95 223 225 0.99 
chair 341 73 449 202 0.99 
table 369 114 779 597 0.98 
chair 391 128 528 286 0.57 
