chair 461 182 676 469 1.00 
chair 233 90 345 163 1.00 
chair 312 215 548 553 1.00 
table 225 142 685 512 1.00 
chair 121 14 215 127 0.99 
chair 225 147 423 439 0.99 
chair 667 93 770 262 0.99 
chair 435 32 502 130 0.98 
chair 178 44 265 197 0.98 
chair 357 130 543 213 0.96 
chair 714 159 832 323 0.96 
chair 479 38 550 140 0.95 
chair 108 92 244 284 0.95 
chair 490 57 591 149 0.95 
chair 555 52 624 168 0.94 
table 435 47 623 169 0.93 
chair 26 15 125 134 0.93 
chair 73 53 205 230 0.89 
table 57 81 354 279 0.83 
table 650 104 830 339 0.82 
chair 461 182 676 469 1.00 
chair 233 90 345 163 1.00 
chair 312 215 548 553 1.00 
table 225 142 685 512 1.00 
chair 121 14 215 127 0.99 
chair 225 147 423 439 0.99 
chair 667 93 770 262 0.99 
chair 435 32 502 130 0.98 
chair 178 44 265 197 0.98 
chair 357 130 543 213 0.96 
chair 714 159 832 323 0.96 
chair 479 38 550 140 0.95 
chair 108 92 244 284 0.95 
chair 490 57 591 149 0.95 
chair 555 52 624 168 0.94 
table 435 47 623 169 0.93 
chair 26 15 125 134 0.93 
chair 73 53 205 230 0.89 
table 57 81 354 279 0.83 
table 650 104 830 339 0.82 
