chair 446 131 586 216 1.00 
chair 143 146 301 319 1.00 
chair 14 283 395 609 1.00 
chair 570 94 646 199 0.99 
chair 462 221 787 604 0.99 
chair 645 107 737 289 0.99 
table 153 176 701 599 0.98 
chair 618 72 702 184 0.97 
chair 262 131 376 205 0.96 
table 638 122 841 262 0.96 
chair 550 138 699 316 0.92 
chair 3 264 246 563 0.78 
chair 611 100 715 243 0.63 
chair 446 131 586 216 1.00 
chair 143 146 301 319 1.00 
chair 14 283 395 609 1.00 
chair 570 94 646 199 0.99 
chair 462 221 787 604 0.99 
chair 645 107 737 289 0.99 
table 153 176 701 599 0.98 
chair 618 72 702 184 0.97 
chair 262 131 376 205 0.96 
table 638 122 841 262 0.96 
chair 550 138 699 316 0.92 
chair 3 264 246 563 0.78 
chair 611 100 715 243 0.63 
