chair 350 10 461 127 1.00 
desk 321 1 584 177 0.97 
chair 158 120 405 454 0.96 
chair 342 168 674 572 0.94 
desk 120 27 335 252 0.93 
chair 410 24 545 168 0.93 
chair 647 62 832 392 0.92 
chair 514 36 705 229 0.84 
desk 387 16 685 204 0.81 
chair 115 77 308 346 0.75 
desk 218 102 520 475 0.70 
chair 350 10 461 127 1.00 
desk 321 1 584 177 0.97 
chair 158 120 405 454 0.96 
chair 342 168 674 572 0.94 
desk 120 27 335 252 0.93 
chair 410 24 545 168 0.93 
chair 647 62 832 392 0.92 
chair 514 36 705 229 0.84 
desk 387 16 685 204 0.81 
chair 115 77 308 346 0.75 
desk 218 102 520 475 0.70 
