chair 491 297 659 475 1.00 
chair 61 184 157 294 1.00 
chair 434 151 524 275 1.00 
chair 244 166 371 329 1.00 
chair 282 124 354 179 1.00 
chair 92 121 181 200 1.00 
chair 447 130 536 241 1.00 
chair 508 137 577 259 1.00 
chair 172 153 290 288 1.00 
chair 84 204 220 397 1.00 
chair 0 142 77 232 1.00 
table 130 206 526 491 0.99 
chair 370 122 468 262 0.99 
chair 350 118 411 172 0.98 
chair 291 373 616 600 0.98 
table 498 149 707 337 0.98 
table 16 149 242 293 0.93 
table 309 127 475 183 0.80 
table 209 289 593 540 0.71 
chair 54 187 194 346 0.67 
table 66 133 211 218 0.61 
chair 491 297 659 475 1.00 
chair 61 184 157 294 1.00 
chair 434 151 524 275 1.00 
chair 244 166 371 329 1.00 
chair 282 124 354 179 1.00 
chair 92 121 181 200 1.00 
chair 447 130 536 241 1.00 
chair 508 137 577 259 1.00 
chair 172 153 290 288 1.00 
chair 84 204 220 397 1.00 
chair 0 142 77 232 1.00 
table 130 206 526 491 0.99 
chair 370 122 468 262 0.99 
chair 350 118 411 172 0.98 
chair 291 373 616 600 0.98 
table 498 149 707 337 0.98 
table 16 149 242 293 0.93 
table 309 127 475 183 0.80 
table 209 289 593 540 0.71 
chair 54 187 194 346 0.67 
table 66 133 211 218 0.61 
