desk 294 129 436 236 0.99 
chair 152 169 296 298 0.97 
desk 462 133 585 301 0.97 
chair 348 188 497 397 0.96 
chair 272 227 446 512 0.96 
desk 653 158 778 293 0.94 
desk 158 115 300 180 0.94 
chair 53 189 247 308 0.91 
chair 72 285 328 612 0.88 
chair 625 243 779 389 0.85 
chair 587 263 826 551 0.82 
desk 0 152 166 299 0.77 
chair 557 380 828 606 0.77 
desk 644 230 837 422 0.68 
desk 165 225 477 572 0.50 
desk 294 129 436 236 0.99 
chair 152 169 296 298 0.97 
desk 462 133 585 301 0.97 
chair 348 188 497 397 0.96 
chair 272 227 446 512 0.96 
desk 653 158 778 293 0.94 
desk 158 115 300 180 0.94 
chair 53 189 247 308 0.91 
chair 72 285 328 612 0.88 
chair 625 243 779 389 0.85 
chair 587 263 826 551 0.82 
desk 0 152 166 299 0.77 
chair 557 380 828 606 0.77 
desk 644 230 837 422 0.68 
desk 165 225 477 572 0.50 
