chair 389 231 460 336 1.00 
chair 692 225 799 335 1.00 
chair 709 271 830 417 1.00 
chair 228 279 340 410 0.99 
chair 319 227 391 325 0.99 
chair 44 344 235 528 0.99 
chair 582 236 654 361 0.98 
chair 226 325 385 537 0.98 
chair 604 269 700 439 0.98 
desk 287 229 481 327 0.97 
desk 584 227 732 309 0.97 
desk 255 244 475 386 0.95 
desk 0 386 388 606 0.95 
chair 322 287 424 454 0.93 
chair 643 340 808 567 0.88 
desk 591 253 840 399 0.83 
desk 128 289 442 526 0.83 
chair 591 248 675 397 0.79 
desk 569 277 830 492 0.77 
desk 653 451 838 595 0.64 
chair 688 295 817 482 0.52 
desk 612 231 822 329 0.50 
chair 389 231 460 336 1.00 
chair 692 225 799 335 1.00 
chair 709 271 830 417 1.00 
chair 228 279 340 410 0.99 
chair 319 227 391 325 0.99 
chair 44 344 235 528 0.99 
chair 582 236 654 361 0.98 
chair 226 325 385 537 0.98 
chair 604 269 700 439 0.98 
desk 287 229 481 327 0.97 
desk 584 227 732 309 0.97 
desk 255 244 475 386 0.95 
desk 0 386 388 606 0.95 
chair 322 287 424 454 0.93 
chair 643 340 808 567 0.88 
desk 591 253 840 399 0.83 
desk 128 289 442 526 0.83 
chair 591 248 675 397 0.79 
desk 569 277 830 492 0.77 
desk 653 451 838 595 0.64 
chair 688 295 817 482 0.52 
desk 612 231 822 329 0.50 
