chair 507 176 587 288 1.00 
chair 599 166 698 296 1.00 
chair 425 333 590 549 1.00 
chair 662 467 825 605 1.00 
chair 736 152 836 312 1.00 
chair 290 201 375 341 1.00 
chair 383 182 438 306 0.99 
chair 427 245 552 407 0.99 
chair 427 502 669 605 0.99 
table 675 214 836 435 0.97 
table 519 212 825 505 0.96 
chair 507 176 587 288 1.00 
chair 599 166 698 296 1.00 
chair 425 333 590 549 1.00 
chair 662 467 825 605 1.00 
chair 736 152 836 312 1.00 
chair 290 201 375 341 1.00 
chair 383 182 438 306 0.99 
chair 427 245 552 407 0.99 
chair 427 502 669 605 0.99 
table 675 214 836 435 0.97 
table 519 212 825 505 0.96 
