chair 535 3 655 125 1.00 
chair 385 156 492 342 1.00 
chair 601 16 740 154 0.99 
chair 425 44 553 191 0.99 
desk 680 202 837 416 0.98 
chair 270 106 416 294 0.97 
chair 557 369 835 606 0.97 
desk 125 154 489 517 0.97 
chair 489 61 638 219 0.96 
desk 323 73 657 355 0.96 
desk 565 0 826 157 0.92 
desk 475 27 784 221 0.90 
chair 778 141 835 328 0.84 
desk 225 99 597 430 0.72 
chair 211 123 441 364 0.62 
desk 411 51 725 309 0.50 
chair 535 3 655 125 1.00 
chair 385 156 492 342 1.00 
chair 601 16 740 154 0.99 
chair 425 44 553 191 0.99 
desk 680 202 837 416 0.98 
chair 270 106 416 294 0.97 
chair 557 369 835 606 0.97 
desk 125 154 489 517 0.97 
chair 489 61 638 219 0.96 
desk 323 73 657 355 0.96 
desk 565 0 826 157 0.92 
desk 475 27 784 221 0.90 
chair 778 141 835 328 0.84 
desk 225 99 597 430 0.72 
chair 211 123 441 364 0.62 
desk 411 51 725 309 0.50 
