chair 408 2 492 120 1.00 
chair 483 14 569 156 1.00 
chair 634 40 782 197 1.00 
chair 319 43 438 162 1.00 
chair 266 32 357 136 1.00 
chair 723 11 819 121 1.00 
chair 486 83 677 244 0.99 
chair 381 65 536 199 0.99 
desk 100 61 725 564 0.99 
chair 588 119 832 394 0.98 
chair 187 17 291 143 0.97 
chair 153 15 255 129 0.97 
chair 517 15 670 187 0.95 
chair 229 25 317 131 0.94 
chair 408 2 492 120 1.00 
chair 483 14 569 156 1.00 
chair 634 40 782 197 1.00 
chair 319 43 438 162 1.00 
chair 266 32 357 136 1.00 
chair 723 11 819 121 1.00 
chair 486 83 677 244 0.99 
chair 381 65 536 199 0.99 
desk 100 61 725 564 0.99 
chair 588 119 832 394 0.98 
chair 187 17 291 143 0.97 
chair 153 15 255 129 0.97 
chair 517 15 670 187 0.95 
chair 229 25 317 131 0.94 
