chair 562 148 662 271 1.00 
chair 443 174 545 316 1.00 
chair 637 226 829 505 1.00 
chair 434 281 629 608 1.00 
chair 129 369 278 607 0.99 
chair 636 162 752 292 0.99 
chair 113 257 182 431 0.99 
chair 304 220 384 373 0.99 
chair 717 162 830 320 0.99 
chair 372 255 503 490 0.99 
chair 588 203 715 422 0.98 
chair 326 226 418 384 0.98 
desk 202 310 424 520 0.94 
chair 523 182 616 279 0.93 
chair 117 339 227 579 0.91 
desk 365 223 659 383 0.91 
chair 343 235 454 418 0.71 
chair 113 296 204 511 0.68 
chair 562 148 662 271 1.00 
chair 443 174 545 316 1.00 
chair 637 226 829 505 1.00 
chair 434 281 629 608 1.00 
chair 129 369 278 607 0.99 
chair 636 162 752 292 0.99 
chair 113 257 182 431 0.99 
chair 304 220 384 373 0.99 
chair 717 162 830 320 0.99 
chair 372 255 503 490 0.99 
chair 588 203 715 422 0.98 
chair 326 226 418 384 0.98 
desk 202 310 424 520 0.94 
chair 523 182 616 279 0.93 
chair 117 339 227 579 0.91 
desk 365 223 659 383 0.91 
chair 343 235 454 418 0.71 
chair 113 296 204 511 0.68 
