chair 590 287 695 426 0.99 
chair 532 237 598 282 0.99 
chair 695 272 811 372 0.99 
chair 464 242 537 370 0.99 
chair 670 341 829 446 0.98 
chair 508 342 693 604 0.97 
chair 631 244 710 337 0.96 
chair 591 234 667 334 0.95 
chair 684 275 830 431 0.93 
chair 477 278 581 428 0.89 
chair 551 256 624 341 0.88 
chair 586 454 839 609 0.85 
desk 521 336 833 488 0.71 
chair 518 295 656 452 0.55 
chair 590 287 695 426 0.99 
chair 532 237 598 282 0.99 
chair 695 272 811 372 0.99 
chair 464 242 537 370 0.99 
chair 670 341 829 446 0.98 
chair 508 342 693 604 0.97 
chair 631 244 710 337 0.96 
chair 591 234 667 334 0.95 
chair 684 275 830 431 0.93 
chair 477 278 581 428 0.89 
chair 551 256 624 341 0.88 
chair 586 454 839 609 0.85 
desk 521 336 833 488 0.71 
chair 518 295 656 452 0.55 
