table 509 54 703 153 1.00 
chair 168 9 291 132 1.00 
chair 417 32 537 202 1.00 
chair 680 78 827 307 1.00 
chair 84 153 263 380 0.99 
chair 154 88 250 199 0.99 
chair 332 38 451 162 0.99 
chair 386 263 576 532 0.99 
table 95 123 538 370 0.99 
table 251 39 388 94 0.99 
chair 197 77 328 282 0.99 
chair 20 119 167 347 0.98 
chair 379 31 491 181 0.96 
chair 25 83 122 226 0.96 
chair 503 244 636 413 0.94 
chair 59 122 221 323 0.86 
table 51 95 181 246 0.51 
table 509 54 703 153 1.00 
chair 168 9 291 132 1.00 
chair 417 32 537 202 1.00 
chair 680 78 827 307 1.00 
chair 84 153 263 380 0.99 
chair 154 88 250 199 0.99 
chair 332 38 451 162 0.99 
chair 386 263 576 532 0.99 
table 95 123 538 370 0.99 
table 251 39 388 94 0.99 
chair 197 77 328 282 0.99 
chair 20 119 167 347 0.98 
chair 379 31 491 181 0.96 
chair 25 83 122 226 0.96 
chair 503 244 636 413 0.94 
chair 59 122 221 323 0.86 
table 51 95 181 246 0.51 
