chair 57 81 117 187 1.00 
chair 575 158 765 260 1.00 
chair 430 182 579 440 0.99 
chair 122 61 210 156 0.99 
desk 0 267 331 601 0.99 
desk 244 110 467 338 0.96 
desk 122 86 350 273 0.95 
desk 322 120 580 400 0.92 
desk 79 77 253 179 0.92 
desk 622 152 842 613 0.91 
desk 325 440 764 612 0.88 
desk 1 192 165 345 0.81 
chair 217 443 560 608 0.81 
desk 549 157 788 515 0.78 
desk 95 88 294 219 0.63 
chair 281 106 403 230 0.55 
chair 231 93 357 220 0.53 
chair 57 81 117 187 1.00 
chair 575 158 765 260 1.00 
chair 430 182 579 440 0.99 
chair 122 61 210 156 0.99 
desk 0 267 331 601 0.99 
desk 244 110 467 338 0.96 
desk 122 86 350 273 0.95 
desk 322 120 580 400 0.92 
desk 79 77 253 179 0.92 
desk 622 152 842 613 0.91 
desk 325 440 764 612 0.88 
desk 1 192 165 345 0.81 
chair 217 443 560 608 0.81 
desk 549 157 788 515 0.78 
desk 95 88 294 219 0.63 
chair 281 106 403 230 0.55 
chair 231 93 357 220 0.53 
