chair 345 22 508 263 1.00 
chair 3 80 137 253 0.99 
chair 363 62 587 340 0.99 
chair 393 217 724 616 0.98 
desk 121 4 313 171 0.96 
desk 548 87 834 601 0.96 
desk 1 35 107 160 0.91 
desk 0 93 303 608 0.86 
chair 1 173 70 386 0.84 
desk 472 3 682 224 0.84 
chair 383 146 675 483 0.71 
chair 345 22 508 263 1.00 
chair 3 80 137 253 0.99 
chair 363 62 587 340 0.99 
chair 393 217 724 616 0.98 
desk 121 4 313 171 0.96 
desk 548 87 834 601 0.96 
desk 1 35 107 160 0.91 
desk 0 93 303 608 0.86 
chair 1 173 70 386 0.84 
desk 472 3 682 224 0.84 
chair 383 146 675 483 0.71 
