chair 157 19 288 143 1.00 
chair 269 11 366 147 1.00 
chair 295 76 477 319 1.00 
chair 219 191 518 591 1.00 
table 128 115 628 526 1.00 
chair 398 167 627 472 0.99 
chair 31 37 168 234 0.99 
chair 109 128 372 464 0.98 
table 6 5 383 206 0.98 
chair 0 49 76 241 0.97 
table 90 17 304 176 0.63 
chair 157 19 288 143 1.00 
chair 269 11 366 147 1.00 
chair 295 76 477 319 1.00 
chair 219 191 518 591 1.00 
table 128 115 628 526 1.00 
chair 398 167 627 472 0.99 
chair 31 37 168 234 0.99 
chair 109 128 372 464 0.98 
table 6 5 383 206 0.98 
chair 0 49 76 241 0.97 
table 90 17 304 176 0.63 
