chair 337 117 464 272 1.00 
chair 93 60 223 190 0.99 
desk 280 77 729 601 0.99 
chair 200 145 310 323 0.97 
chair 690 288 837 478 0.94 
desk 120 91 362 339 0.94 
chair 0 349 333 607 0.94 
chair 0 89 89 238 0.92 
desk 0 237 106 404 0.92 
desk 54 81 270 296 0.90 
chair 0 27 62 149 0.85 
desk 0 56 168 222 0.79 
chair 177 88 320 289 0.73 
chair 337 117 464 272 1.00 
chair 93 60 223 190 0.99 
desk 280 77 729 601 0.99 
chair 200 145 310 323 0.97 
chair 690 288 837 478 0.94 
desk 120 91 362 339 0.94 
chair 0 349 333 607 0.94 
chair 0 89 89 238 0.92 
desk 0 237 106 404 0.92 
desk 54 81 270 296 0.90 
chair 0 27 62 149 0.85 
desk 0 56 168 222 0.79 
chair 177 88 320 289 0.73 
