chair 300 34 433 170 1.00 
chair 549 142 824 474 1.00 
chair 548 25 686 122 0.99 
chair 636 48 790 157 0.99 
chair 107 67 257 301 0.99 
chair 232 214 615 610 0.99 
chair 436 98 653 284 0.99 
chair 362 55 526 225 0.98 
chair 125 70 323 367 0.97 
chair 173 130 461 479 0.97 
chair 750 72 834 343 0.69 
chair 300 34 433 170 1.00 
chair 549 142 824 474 1.00 
chair 548 25 686 122 0.99 
chair 636 48 790 157 0.99 
chair 107 67 257 301 0.99 
chair 232 214 615 610 0.99 
chair 436 98 653 284 0.99 
chair 362 55 526 225 0.98 
chair 125 70 323 367 0.97 
chair 173 130 461 479 0.97 
chair 750 72 834 343 0.69 
