chair 547 2 659 105 1.00 
chair 370 0 474 111 1.00 
chair 2 115 195 369 1.00 
chair 297 42 435 209 1.00 
chair 191 294 476 601 1.00 
chair 96 175 340 481 1.00 
chair 221 20 347 170 1.00 
chair 426 8 537 134 0.99 
chair 725 32 836 170 0.99 
chair 546 29 681 175 0.99 
chair 467 82 597 195 0.98 
chair 638 17 757 140 0.95 
desk 117 41 773 508 0.93 
desk 316 37 831 312 0.92 
chair 612 88 798 250 0.89 
desk 417 23 804 208 0.83 
chair 595 18 723 162 0.70 
chair 547 2 659 105 1.00 
chair 370 0 474 111 1.00 
chair 2 115 195 369 1.00 
chair 297 42 435 209 1.00 
chair 191 294 476 601 1.00 
chair 96 175 340 481 1.00 
chair 221 20 347 170 1.00 
chair 426 8 537 134 0.99 
chair 725 32 836 170 0.99 
chair 546 29 681 175 0.99 
chair 467 82 597 195 0.98 
chair 638 17 757 140 0.95 
desk 117 41 773 508 0.93 
desk 316 37 831 312 0.92 
chair 612 88 798 250 0.89 
desk 417 23 804 208 0.83 
chair 595 18 723 162 0.70 
