table 202 14 340 80 1.00 
table 519 33 679 100 1.00 
chair 416 21 524 189 1.00 
chair 86 14 175 163 0.99 
chair 134 16 236 165 0.99 
chair 489 248 748 490 0.99 
table 186 101 544 355 0.98 
chair 312 17 421 172 0.98 
chair 543 184 702 349 0.97 
chair 197 125 297 316 0.97 
chair 682 27 815 230 0.95 
chair 0 191 114 391 0.95 
chair 36 107 205 249 0.94 
table 31 15 101 70 0.91 
chair 704 373 835 609 0.91 
chair 40 155 234 403 0.89 
chair 696 126 825 419 0.69 
table 3 67 139 225 0.55 
table 202 14 340 80 1.00 
table 519 33 679 100 1.00 
chair 416 21 524 189 1.00 
chair 86 14 175 163 0.99 
chair 134 16 236 165 0.99 
chair 489 248 748 490 0.99 
table 186 101 544 355 0.98 
chair 312 17 421 172 0.98 
chair 543 184 702 349 0.97 
chair 197 125 297 316 0.97 
chair 682 27 815 230 0.95 
chair 0 191 114 391 0.95 
chair 36 107 205 249 0.94 
table 31 15 101 70 0.91 
chair 704 373 835 609 0.91 
chair 40 155 234 403 0.89 
chair 696 126 825 419 0.69 
table 3 67 139 225 0.55 
