chair 555 38 650 149 1.00 
chair 415 26 513 121 1.00 
chair 485 31 584 111 1.00 
chair 539 207 816 593 0.99 
chair 84 61 210 213 0.99 
chair 397 26 447 106 0.99 
chair 561 90 732 289 0.99 
chair 307 129 467 305 0.99 
chair 426 69 598 270 0.99 
chair 265 49 384 183 0.99 
chair 185 102 307 217 0.99 
chair 242 35 333 169 0.99 
chair 302 51 431 203 0.99 
chair 635 45 755 177 0.98 
desk 70 104 719 598 0.98 
chair 235 114 378 251 0.98 
chair 409 134 613 355 0.96 
chair 681 55 843 237 0.95 
chair 161 91 246 197 0.94 
chair 516 39 612 129 0.83 
chair 355 122 569 311 0.65 
chair 37 64 103 121 0.63 
chair 555 38 650 149 1.00 
chair 415 26 513 121 1.00 
chair 485 31 584 111 1.00 
chair 539 207 816 593 0.99 
chair 84 61 210 213 0.99 
chair 397 26 447 106 0.99 
chair 561 90 732 289 0.99 
chair 307 129 467 305 0.99 
chair 426 69 598 270 0.99 
chair 265 49 384 183 0.99 
chair 185 102 307 217 0.99 
chair 242 35 333 169 0.99 
chair 302 51 431 203 0.99 
chair 635 45 755 177 0.98 
desk 70 104 719 598 0.98 
chair 235 114 378 251 0.98 
chair 409 134 613 355 0.96 
chair 681 55 843 237 0.95 
chair 161 91 246 197 0.94 
chair 516 39 612 129 0.83 
chair 355 122 569 311 0.65 
chair 37 64 103 121 0.63 
