chair 347 100 543 303 1.00 
chair 496 43 580 163 1.00 
chair 55 108 212 276 1.00 
chair 439 146 656 446 1.00 
chair 277 222 569 562 0.99 
chair 571 76 679 181 0.99 
chair 554 37 671 159 0.99 
chair 197 174 429 434 0.99 
chair 673 89 823 310 0.99 
chair 239 67 402 239 0.98 
chair 130 123 327 321 0.98 
chair 214 48 360 206 0.98 
table 130 93 688 542 0.97 
chair 658 54 768 199 0.97 
table 434 32 831 308 0.93 
chair 441 39 497 130 0.90 
chair 502 12 596 128 0.86 
chair 700 58 836 243 0.67 
chair 166 75 350 272 0.61 
chair 291 173 531 452 0.52 
chair 347 100 543 303 1.00 
chair 496 43 580 163 1.00 
chair 55 108 212 276 1.00 
chair 439 146 656 446 1.00 
chair 277 222 569 562 0.99 
chair 571 76 679 181 0.99 
chair 554 37 671 159 0.99 
chair 197 174 429 434 0.99 
chair 673 89 823 310 0.99 
chair 239 67 402 239 0.98 
chair 130 123 327 321 0.98 
chair 214 48 360 206 0.98 
table 130 93 688 542 0.97 
chair 658 54 768 199 0.97 
table 434 32 831 308 0.93 
chair 441 39 497 130 0.90 
chair 502 12 596 128 0.86 
chair 700 58 836 243 0.67 
chair 166 75 350 272 0.61 
chair 291 173 531 452 0.52 
