chair 654 113 835 301 1.00 
chair 7 214 209 335 1.00 
chair 289 5 420 124 1.00 
chair 386 20 535 160 0.99 
chair 2 158 114 257 0.99 
desk 68 17 375 310 0.98 
chair 132 425 551 607 0.98 
desk 0 272 331 613 0.96 
desk 325 16 844 389 0.95 
desk 246 88 815 570 0.91 
chair 7 237 304 456 0.83 
desk 59 104 350 432 0.80 
chair 654 113 835 301 1.00 
chair 7 214 209 335 1.00 
chair 289 5 420 124 1.00 
chair 386 20 535 160 0.99 
chair 2 158 114 257 0.99 
desk 68 17 375 310 0.98 
chair 132 425 551 607 0.98 
desk 0 272 331 613 0.96 
desk 325 16 844 389 0.95 
desk 246 88 815 570 0.91 
chair 7 237 304 456 0.83 
desk 59 104 350 432 0.80 
