chair 274 298 411 571 1.00 
chair 340 343 549 609 1.00 
chair 237 273 348 481 0.99 
chair 168 234 247 343 0.99 
chair 132 198 204 311 0.99 
chair 148 214 220 333 0.98 
chair 1 229 66 391 0.96 
chair 120 190 183 290 0.94 
chair 1 379 104 603 0.94 
chair 38 470 210 607 0.93 
chair 201 249 289 430 0.93 
desk 27 251 337 613 0.91 
chair 0 296 55 455 0.75 
chair 188 242 266 378 0.69 
chair 49 432 298 609 0.54 
chair 343 344 540 602 1.00 
chair 282 303 415 549 1.00 
chair 235 263 341 467 1.00 
chair 169 225 241 335 0.99 
chair 134 206 210 309 0.98 
chair 4 249 87 409 0.98 
chair 0 282 64 432 0.95 
chair 121 188 174 272 0.92 
chair 3 352 98 599 0.92 
chair 3 287 87 503 0.92 
chair 17 411 149 605 0.81 
desk 37 257 318 607 0.81 
chair 195 238 266 363 0.79 
chair 2 182 38 278 0.73 
chair 26 451 238 608 0.71 
chair 0 197 68 351 0.67 
chair 210 247 301 421 0.64 
chair 144 242 227 326 0.58 
chair 42 357 185 596 0.50 
chair 274 298 411 571 1.00 
chair 340 343 549 609 1.00 
chair 237 273 348 481 0.99 
chair 168 234 247 343 0.99 
chair 132 198 204 311 0.99 
chair 148 214 220 333 0.98 
chair 1 229 66 391 0.96 
chair 120 190 183 290 0.94 
chair 1 379 104 603 0.94 
chair 38 470 210 607 0.93 
chair 201 249 289 430 0.93 
desk 27 251 337 613 0.91 
chair 0 296 55 455 0.75 
chair 188 242 266 378 0.69 
chair 49 432 298 609 0.54 
