chair 552 276 628 378 1.00 
chair 189 284 270 377 0.99 
chair 650 271 723 365 0.99 
desk 92 323 335 447 0.99 
chair 511 347 614 509 0.99 
chair 481 291 546 403 0.98 
chair 253 284 329 380 0.98 
desk 476 361 831 601 0.97 
chair 702 274 790 367 0.97 
desk 2 377 297 593 0.96 
desk 671 292 832 420 0.95 
chair 0 435 84 575 0.94 
desk 466 287 611 380 0.93 
desk 467 314 698 457 0.93 
desk 615 272 797 370 0.90 
chair 186 322 287 450 0.90 
desk 185 292 344 378 0.90 
desk 479 295 672 406 0.88 
chair 578 492 771 608 0.82 
desk 4 489 227 609 0.80 
desk 130 305 341 403 0.75 
chair 96 334 232 460 0.58 
chair 89 326 210 371 0.55 
chair 6 421 191 585 0.53 
chair 552 276 628 378 1.00 
chair 189 284 270 377 0.99 
chair 650 271 723 365 0.99 
desk 92 323 335 447 0.99 
chair 511 347 614 509 0.99 
chair 481 291 546 403 0.98 
chair 253 284 329 380 0.98 
desk 476 361 831 601 0.97 
chair 702 274 790 367 0.97 
desk 2 377 297 593 0.96 
desk 671 292 832 420 0.95 
chair 0 435 84 575 0.94 
desk 466 287 611 380 0.93 
desk 467 314 698 457 0.93 
desk 615 272 797 370 0.90 
chair 186 322 287 450 0.90 
desk 185 292 344 378 0.90 
desk 479 295 672 406 0.88 
chair 578 492 771 608 0.82 
desk 4 489 227 609 0.80 
desk 130 305 341 403 0.75 
chair 96 334 232 460 0.58 
chair 89 326 210 371 0.55 
chair 6 421 191 585 0.53 
