chair 320 318 392 406 1.00 
desk 394 298 500 470 0.99 
chair 538 314 602 418 0.99 
chair 534 305 579 396 0.98 
chair 638 523 841 608 0.97 
chair 536 363 636 530 0.93 
chair 724 325 804 432 0.91 
chair 546 369 669 480 0.91 
desk 498 381 777 605 0.91 
chair 693 304 756 417 0.90 
desk 738 353 836 488 0.89 
chair 597 428 786 563 0.88 
desk 502 327 562 458 0.80 
desk 641 311 757 439 0.77 
desk 772 284 837 441 0.69 
desk 522 370 697 566 0.58 
desk 514 350 608 494 0.51 
chair 320 318 392 406 1.00 
desk 394 298 500 470 0.99 
chair 538 314 602 418 0.99 
chair 534 305 579 396 0.98 
chair 638 523 841 608 0.97 
chair 536 363 636 530 0.93 
chair 724 325 804 432 0.91 
chair 546 369 669 480 0.91 
desk 498 381 777 605 0.91 
chair 693 304 756 417 0.90 
desk 738 353 836 488 0.89 
chair 597 428 786 563 0.88 
desk 502 327 562 458 0.80 
desk 641 311 757 439 0.77 
desk 772 284 837 441 0.69 
desk 522 370 697 566 0.58 
desk 514 350 608 494 0.51 
