chair 87 69 226 166 1.00 
chair 351 75 453 232 1.00 
chair 191 45 298 135 1.00 
chair 119 130 338 453 1.00 
chair 152 13 227 121 1.00 
chair 258 102 417 357 1.00 
chair 423 51 516 194 1.00 
chair 257 20 376 179 0.99 
desk 312 79 671 574 0.98 
chair 0 91 131 365 0.97 
desk 50 61 459 408 0.96 
chair 301 94 437 276 0.78 
chair 212 35 335 161 0.57 
chair 145 57 275 147 0.51 
chair 87 69 226 166 1.00 
chair 351 75 453 232 1.00 
chair 191 45 298 135 1.00 
chair 119 130 338 453 1.00 
chair 152 13 227 121 1.00 
chair 258 102 417 357 1.00 
chair 423 51 516 194 1.00 
chair 257 20 376 179 0.99 
desk 312 79 671 574 0.98 
chair 0 91 131 365 0.97 
desk 50 61 459 408 0.96 
chair 301 94 437 276 0.78 
chair 212 35 335 161 0.57 
chair 145 57 275 147 0.51 
