chair 180 328 346 583 1.00 
chair 235 268 310 399 1.00 
chair 84 389 333 601 0.99 
chair 201 239 295 312 0.98 
desk 15 217 105 346 0.97 
desk 102 236 237 348 0.95 
desk 0 457 241 607 0.94 
chair 1 329 74 499 0.92 
chair 3 300 142 417 0.85 
desk 22 322 272 458 0.75 
chair 9 243 129 395 0.53 
chair 180 328 346 583 1.00 
chair 235 268 310 399 1.00 
chair 84 389 333 601 0.99 
chair 201 239 295 312 0.98 
desk 15 217 105 346 0.97 
desk 102 236 237 348 0.95 
desk 0 457 241 607 0.94 
chair 1 329 74 499 0.92 
chair 3 300 142 417 0.85 
desk 22 322 272 458 0.75 
chair 9 243 129 395 0.53 
