chair 362 309 504 606 1.00 
chair 4 314 162 579 0.99 
chair 363 263 462 461 0.99 
chair 523 196 593 288 0.98 
chair 540 203 635 325 0.98 
chair 138 211 256 342 0.98 
chair 637 257 827 585 0.98 
desk 83 242 291 478 0.97 
chair 27 263 196 469 0.97 
chair 357 240 436 408 0.97 
desk 477 291 637 442 0.96 
chair 348 210 407 390 0.93 
chair 579 237 725 466 0.91 
chair 108 225 231 383 0.90 
desk 635 240 829 396 0.88 
chair 557 227 666 370 0.60 
desk 2 270 96 462 0.60 
chair 84 267 212 371 0.51 
chair 362 309 504 606 1.00 
chair 4 314 162 579 0.99 
chair 363 263 462 461 0.99 
chair 523 196 593 288 0.98 
chair 540 203 635 325 0.98 
chair 138 211 256 342 0.98 
chair 637 257 827 585 0.98 
desk 83 242 291 478 0.97 
chair 27 263 196 469 0.97 
chair 357 240 436 408 0.97 
desk 477 291 637 442 0.96 
chair 348 210 407 390 0.93 
chair 579 237 725 466 0.91 
chair 108 225 231 383 0.90 
desk 635 240 829 396 0.88 
chair 557 227 666 370 0.60 
desk 2 270 96 462 0.60 
chair 84 267 212 371 0.51 
