chair 240 126 369 248 1.00 
chair 125 142 209 247 1.00 
chair 22 145 119 257 1.00 
chair 319 156 461 354 1.00 
chair 226 161 492 542 0.97 
chair 183 172 399 461 0.96 
table 0 242 258 588 0.92 
chair 118 124 185 221 0.87 
table 133 156 329 354 0.78 
table 39 158 198 251 0.56 
chair 240 126 369 248 1.00 
chair 125 142 209 247 1.00 
chair 22 145 119 257 1.00 
chair 319 156 461 354 1.00 
chair 226 161 492 542 0.97 
chair 183 172 399 461 0.96 
table 0 242 258 588 0.92 
chair 118 124 185 221 0.87 
table 133 156 329 354 0.78 
table 39 158 198 251 0.56 
