chair 338 168 493 369 1.00 
chair 87 196 259 365 1.00 
chair 500 114 600 172 1.00 
chair 234 158 344 299 1.00 
chair 73 272 293 544 1.00 
table 308 171 774 563 1.00 
chair 538 187 766 485 1.00 
chair 515 128 620 316 1.00 
chair 601 170 776 392 0.77 
chair 338 168 493 369 1.00 
chair 87 196 259 365 1.00 
chair 500 114 600 172 1.00 
chair 234 158 344 299 1.00 
chair 73 272 293 544 1.00 
table 308 171 774 563 1.00 
chair 538 187 766 485 1.00 
chair 515 128 620 316 1.00 
chair 601 170 776 392 0.77 
