chair 262 100 385 236 1.00 
chair 167 120 269 213 1.00 
chair 461 92 629 319 1.00 
chair 327 104 478 295 1.00 
chair 388 76 486 196 0.99 
chair 90 170 299 436 0.99 
chair 595 76 725 243 0.99 
chair 473 65 585 151 0.98 
table 278 143 626 345 0.97 
table 30 204 397 539 0.95 
chair 288 105 437 262 0.91 
table 183 124 334 225 0.81 
chair 0 172 125 378 0.78 
chair 368 88 475 245 0.73 
chair 262 100 385 236 1.00 
chair 167 120 269 213 1.00 
chair 461 92 629 319 1.00 
chair 327 104 478 295 1.00 
chair 388 76 486 196 0.99 
chair 90 170 299 436 0.99 
chair 595 76 725 243 0.99 
chair 473 65 585 151 0.98 
table 278 143 626 345 0.97 
table 30 204 397 539 0.95 
chair 288 105 437 262 0.91 
table 183 124 334 225 0.81 
chair 0 172 125 378 0.78 
chair 368 88 475 245 0.73 
