chair 456 194 680 446 0.99 
chair 304 218 612 590 0.99 
chair 692 144 824 288 0.99 
chair 174 183 358 409 0.99 
chair 562 127 641 205 0.99 
chair 306 168 478 311 0.98 
chair 489 143 600 216 0.98 
chair 206 144 332 260 0.97 
chair 345 119 441 220 0.97 
chair 81 168 208 319 0.96 
table 152 182 494 427 0.94 
chair 621 158 775 341 0.85 
chair 618 151 740 258 0.72 
chair 405 220 643 518 0.63 
chair 727 169 836 380 0.60 
chair 330 148 435 257 0.53 
table 276 181 715 484 0.51 
chair 456 194 680 446 0.99 
chair 304 218 612 590 0.99 
chair 692 144 824 288 0.99 
chair 174 183 358 409 0.99 
chair 562 127 641 205 0.99 
chair 306 168 478 311 0.98 
chair 489 143 600 216 0.98 
chair 206 144 332 260 0.97 
chair 345 119 441 220 0.97 
chair 81 168 208 319 0.96 
table 152 182 494 427 0.94 
chair 621 158 775 341 0.85 
chair 618 151 740 258 0.72 
chair 405 220 643 518 0.63 
chair 727 169 836 380 0.60 
chair 330 148 435 257 0.53 
table 276 181 715 484 0.51 
