chair 154 194 460 584 1.00 
chair 389 152 642 441 1.00 
chair 486 70 593 156 1.00 
table 411 94 662 240 1.00 
chair 389 83 528 216 1.00 
chair 311 79 392 143 1.00 
chair 259 114 408 223 0.99 
chair 182 121 316 246 0.99 
chair 114 127 202 290 0.99 
chair 152 155 305 267 0.98 
chair 591 100 778 314 0.98 
table 116 164 677 595 0.94 
table 111 132 466 293 0.93 
chair 467 81 614 201 0.58 
chair 154 194 460 584 1.00 
chair 389 152 642 441 1.00 
chair 486 70 593 156 1.00 
table 411 94 662 240 1.00 
chair 389 83 528 216 1.00 
chair 311 79 392 143 1.00 
chair 259 114 408 223 0.99 
chair 182 121 316 246 0.99 
chair 114 127 202 290 0.99 
chair 152 155 305 267 0.98 
chair 591 100 778 314 0.98 
table 116 164 677 595 0.94 
table 111 132 466 293 0.93 
chair 467 81 614 201 0.58 
