chair 450 136 636 315 1.00 
chair 362 111 492 243 1.00 
chair 432 266 814 610 1.00 
chair 86 107 164 183 1.00 
chair 307 104 403 208 1.00 
chair 276 207 523 500 0.99 
table 196 137 832 600 0.99 
chair 647 201 830 509 0.99 
chair 223 172 389 376 0.98 
chair 278 98 368 193 0.98 
chair 144 129 262 265 0.97 
chair 166 154 302 314 0.94 
chair 450 136 636 315 1.00 
chair 362 111 492 243 1.00 
chair 432 266 814 610 1.00 
chair 86 107 164 183 1.00 
chair 307 104 403 208 1.00 
chair 276 207 523 500 0.99 
table 196 137 832 600 0.99 
chair 647 201 830 509 0.99 
chair 223 172 389 376 0.98 
chair 278 98 368 193 0.98 
chair 144 129 262 265 0.97 
chair 166 154 302 314 0.94 
