chair 468 222 698 529 1.00 
chair 412 161 500 222 1.00 
chair 295 166 382 232 1.00 
chair 210 174 286 245 1.00 
chair 324 172 437 393 0.99 
chair 447 180 609 433 0.99 
chair 116 281 446 600 0.98 
chair 35 244 269 533 0.98 
table 91 212 606 574 0.93 
chair 116 188 236 299 0.92 
chair 468 222 698 529 1.00 
chair 412 161 500 222 1.00 
chair 295 166 382 232 1.00 
chair 210 174 286 245 1.00 
chair 324 172 437 393 0.99 
chair 447 180 609 433 0.99 
chair 116 281 446 600 0.98 
chair 35 244 269 533 0.98 
table 91 212 606 574 0.93 
chair 116 188 236 299 0.92 
