chair 212 272 403 475 1.00 
desk 764 172 798 259 0.99 
desk 608 221 712 314 0.96 
table 390 209 546 264 0.96 
desk 700 252 796 427 0.95 
desk 212 243 535 608 0.95 
chair 671 225 780 332 0.93 
desk 761 190 797 308 0.92 
chair 750 255 797 369 0.90 
desk 642 229 736 329 0.88 
chair 212 272 403 475 1.00 
desk 764 172 798 259 0.99 
desk 608 221 712 314 0.96 
table 390 209 546 264 0.96 
desk 700 252 796 427 0.95 
desk 212 243 535 608 0.95 
chair 671 225 780 332 0.93 
desk 761 190 797 308 0.92 
chair 750 255 797 369 0.90 
desk 642 229 736 329 0.88 
