chair 450 321 572 452 1.00 
desk 562 265 731 442 0.98 
chair 2 384 154 485 0.98 
sofa 754 282 797 381 0.97 
desk 660 343 800 521 0.94 
desk 343 350 539 550 0.94 
desk 467 486 800 606 0.89 
desk 501 347 700 475 0.87 
desk 414 396 645 598 0.84 
chair 713 411 796 576 0.81 
desk 756 460 797 586 0.79 
desk 433 352 655 526 0.58 
table 4 371 278 496 0.58 
desk 646 349 791 442 0.55 
chair 450 321 572 452 1.00 
desk 562 265 731 442 0.98 
chair 2 384 154 485 0.98 
sofa 754 282 797 381 0.97 
desk 660 343 800 521 0.94 
desk 343 350 539 550 0.94 
desk 467 486 800 606 0.89 
desk 501 347 700 475 0.87 
desk 414 396 645 598 0.84 
chair 713 411 796 576 0.81 
desk 756 460 797 586 0.79 
desk 433 352 655 526 0.58 
table 4 371 278 496 0.58 
desk 646 349 791 442 0.55 
