chair 250 304 350 402 0.99 
chair 118 313 228 425 0.99 
chair 285 465 502 604 0.99 
chair 355 315 454 400 0.98 
chair 379 350 544 563 0.97 
chair 33 344 111 448 0.96 
chair 456 428 674 601 0.95 
chair 52 409 227 596 0.93 
chair 0 510 254 608 0.92 
table 14 390 649 604 0.89 
table 17 314 442 437 0.88 
desk 221 242 358 323 0.79 
desk 626 310 794 601 0.63 
chair 196 395 492 587 0.51 
chair 250 304 350 402 0.99 
chair 118 313 228 425 0.99 
chair 285 465 502 604 0.99 
chair 355 315 454 400 0.98 
chair 379 350 544 563 0.97 
chair 33 344 111 448 0.96 
chair 456 428 674 601 0.95 
chair 52 409 227 596 0.93 
chair 0 510 254 608 0.92 
table 14 390 649 604 0.89 
table 17 314 442 437 0.88 
desk 221 242 358 323 0.79 
desk 626 310 794 601 0.63 
chair 196 395 492 587 0.51 
