table 136 162 748 572 1.00 
chair 139 48 216 155 1.00 
chair 406 278 697 581 1.00 
chair 449 176 617 358 0.99 
chair 268 261 493 510 0.99 
chair 547 104 634 193 0.98 
chair 274 141 463 315 0.98 
chair 665 128 758 256 0.96 
chair 174 206 324 420 0.96 
chair 215 49 286 157 0.94 
desk 459 103 750 228 0.94 
chair 364 34 431 105 0.94 
table 456 39 580 106 0.94 
chair 543 233 756 449 0.90 
desk 152 54 282 157 0.90 
chair 469 108 578 200 0.90 
chair 663 85 736 188 0.80 
chair 409 35 470 109 0.79 
chair 285 214 464 397 0.64 
chair 421 225 626 443 0.60 
table 136 162 748 572 1.00 
chair 139 48 216 155 1.00 
chair 406 278 697 581 1.00 
chair 449 176 617 358 0.99 
chair 268 261 493 510 0.99 
chair 547 104 634 193 0.98 
chair 274 141 463 315 0.98 
chair 665 128 758 256 0.96 
chair 174 206 324 420 0.96 
chair 215 49 286 157 0.94 
desk 459 103 750 228 0.94 
chair 364 34 431 105 0.94 
table 456 39 580 106 0.94 
chair 543 233 756 449 0.90 
desk 152 54 282 157 0.90 
chair 469 108 578 200 0.90 
chair 663 85 736 188 0.80 
chair 409 35 470 109 0.79 
chair 285 214 464 397 0.64 
chair 421 225 626 443 0.60 
