desk 673 387 799 527 0.99 
chair 203 268 292 363 0.99 
chair 114 295 190 409 0.98 
chair 718 339 799 433 0.98 
chair 376 437 674 606 0.96 
chair 716 303 797 390 0.95 
chair 5 340 160 511 0.93 
chair 214 321 337 396 0.93 
desk 323 294 436 369 0.93 
desk 42 300 174 363 0.92 
chair 168 385 404 595 0.85 
desk 172 286 259 392 0.84 
desk 481 305 623 375 0.81 
desk 0 297 48 435 0.77 
desk 405 352 608 474 0.68 
desk 688 322 797 411 0.67 
chair 706 366 799 468 0.53 
desk 673 387 799 527 0.99 
chair 203 268 292 363 0.99 
chair 114 295 190 409 0.98 
chair 718 339 799 433 0.98 
chair 376 437 674 606 0.96 
chair 716 303 797 390 0.95 
chair 5 340 160 511 0.93 
chair 214 321 337 396 0.93 
desk 323 294 436 369 0.93 
desk 42 300 174 363 0.92 
chair 168 385 404 595 0.85 
desk 172 286 259 392 0.84 
desk 481 305 623 375 0.81 
desk 0 297 48 435 0.77 
desk 405 352 608 474 0.68 
desk 688 322 797 411 0.67 
chair 706 366 799 468 0.53 
