chair 403 234 477 320 1.00 
chair 315 231 365 290 1.00 
chair 247 293 374 414 1.00 
chair 107 266 250 422 0.99 
chair 562 264 671 430 0.98 
desk 602 313 791 478 0.95 
chair 653 334 797 570 0.95 
chair 107 228 204 306 0.94 
desk 3 308 138 421 0.91 
desk 204 229 354 351 0.90 
desk 344 241 503 372 0.84 
chair 430 342 638 468 0.82 
desk 55 236 200 358 0.77 
desk 302 435 652 608 0.68 
desk 495 283 696 474 0.68 
chair 256 235 356 297 0.62 
chair 405 460 743 608 0.56 
desk 75 347 324 552 0.56 
chair 403 234 477 320 1.00 
chair 315 231 365 290 1.00 
chair 247 293 374 414 1.00 
chair 107 266 250 422 0.99 
chair 562 264 671 430 0.98 
desk 602 313 791 478 0.95 
chair 653 334 797 570 0.95 
chair 107 228 204 306 0.94 
desk 3 308 138 421 0.91 
desk 204 229 354 351 0.90 
desk 344 241 503 372 0.84 
chair 430 342 638 468 0.82 
desk 55 236 200 358 0.77 
desk 302 435 652 608 0.68 
desk 495 283 696 474 0.68 
chair 256 235 356 297 0.62 
chair 405 460 743 608 0.56 
desk 75 347 324 552 0.56 
