chair 425 220 511 318 1.00 
chair 382 237 458 352 1.00 
chair 692 241 766 348 1.00 
chair 482 227 566 348 0.99 
chair 357 217 431 323 0.99 
chair 551 228 592 319 0.99 
chair 587 241 698 375 0.97 
table 224 212 621 345 0.96 
chair 189 235 280 294 0.94 
chair 425 220 511 318 1.00 
chair 382 237 458 352 1.00 
chair 692 241 766 348 1.00 
chair 482 227 566 348 0.99 
chair 357 217 431 323 0.99 
chair 551 228 592 319 0.99 
chair 587 241 698 375 0.97 
table 224 212 621 345 0.96 
chair 189 235 280 294 0.94 
