chair 489 324 746 606 1.00 
chair 379 276 552 525 1.00 
chair 0 385 184 606 1.00 
chair 102 382 378 608 0.99 
chair 88 279 247 425 0.99 
chair 377 235 456 336 0.99 
chair 306 274 408 415 0.98 
chair 294 278 361 355 0.98 
table 62 326 181 521 0.87 
table 284 266 472 404 0.74 
chair 489 324 746 606 1.00 
chair 379 276 552 525 1.00 
chair 0 385 184 606 1.00 
chair 102 382 378 608 0.99 
chair 88 279 247 425 0.99 
chair 377 235 456 336 0.99 
chair 306 274 408 415 0.98 
chair 294 278 361 355 0.98 
table 62 326 181 521 0.87 
table 284 266 472 404 0.74 
