desk 556 174 768 298 1.00 
table 5 305 428 601 1.00 
chair 256 374 417 548 0.98 
desk 1 260 198 340 0.97 
chair 32 414 255 549 0.96 
chair 571 408 787 609 0.95 
chair 634 343 797 581 0.86 
chair 3 263 115 333 0.82 
chair 640 334 753 478 0.77 
chair 733 262 797 348 0.74 
desk 738 270 797 417 0.66 
desk 556 174 768 298 1.00 
table 5 305 428 601 1.00 
chair 256 374 417 548 0.98 
desk 1 260 198 340 0.97 
chair 32 414 255 549 0.96 
chair 571 408 787 609 0.95 
chair 634 343 797 581 0.86 
chair 3 263 115 333 0.82 
chair 640 334 753 478 0.77 
chair 733 262 797 348 0.74 
desk 738 270 797 417 0.66 
