chair 660 351 794 467 1.00 
chair 186 283 273 385 0.98 
desk 560 473 788 609 0.97 
chair 253 293 362 417 0.97 
chair 629 456 799 549 0.96 
chair 432 320 544 472 0.95 
desk 236 396 493 596 0.94 
chair 6 288 100 433 0.92 
chair 152 346 280 451 0.81 
chair 652 399 792 534 0.79 
desk 587 374 788 485 0.78 
chair 5 468 155 614 0.77 
desk 189 303 326 425 0.76 
desk 8 326 150 472 0.74 
desk 379 338 557 507 0.68 
chair 165 299 268 428 0.65 
bookshelf 371 266 778 402 0.58 
chair 1 381 153 543 0.51 
chair 660 351 794 467 1.00 
chair 186 283 273 385 0.98 
desk 560 473 788 609 0.97 
chair 253 293 362 417 0.97 
chair 629 456 799 549 0.96 
chair 432 320 544 472 0.95 
desk 236 396 493 596 0.94 
chair 6 288 100 433 0.92 
chair 152 346 280 451 0.81 
chair 652 399 792 534 0.79 
desk 587 374 788 485 0.78 
chair 5 468 155 614 0.77 
desk 189 303 326 425 0.76 
desk 8 326 150 472 0.74 
desk 379 338 557 507 0.68 
chair 165 299 268 428 0.65 
bookshelf 371 266 778 402 0.58 
chair 1 381 153 543 0.51 
