chair 697 512 800 608 1.00 
chair 0 314 102 459 0.99 
chair 548 259 651 363 0.99 
chair 250 285 356 340 0.98 
chair 265 346 394 486 0.98 
desk 577 394 800 606 0.97 
chair 693 294 800 395 0.97 
chair 529 314 662 533 0.96 
chair 424 263 518 373 0.95 
desk 3 308 136 380 0.95 
desk 458 297 660 464 0.78 
chair 1 376 104 597 0.76 
desk 391 268 528 415 0.73 
chair 157 463 637 603 0.66 
desk 232 326 451 478 0.63 
desk 490 254 629 362 0.58 
chair 697 512 800 608 1.00 
chair 0 314 102 459 0.99 
chair 548 259 651 363 0.99 
chair 250 285 356 340 0.98 
chair 265 346 394 486 0.98 
desk 577 394 800 606 0.97 
chair 693 294 800 395 0.97 
chair 529 314 662 533 0.96 
chair 424 263 518 373 0.95 
desk 3 308 136 380 0.95 
desk 458 297 660 464 0.78 
chair 1 376 104 597 0.76 
desk 391 268 528 415 0.73 
chair 157 463 637 603 0.66 
desk 232 326 451 478 0.63 
desk 490 254 629 362 0.58 
