chair 470 270 564 414 1.00 
desk 630 457 795 608 0.99 
desk 1 300 87 445 0.96 
desk 87 302 237 474 0.94 
desk 568 306 700 410 0.94 
chair 354 297 443 414 0.93 
desk 2 365 112 467 0.93 
desk 213 302 339 408 0.92 
desk 54 288 209 399 0.90 
chair 261 293 339 385 0.90 
desk 0 478 169 607 0.90 
desk 328 303 436 371 0.83 
desk 406 270 480 313 0.61 
desk 19 288 169 430 0.60 
chair 470 270 564 414 1.00 
desk 630 457 795 608 0.99 
desk 1 300 87 445 0.96 
desk 87 302 237 474 0.94 
desk 568 306 700 410 0.94 
chair 354 297 443 414 0.93 
desk 2 365 112 467 0.93 
desk 213 302 339 408 0.92 
desk 54 288 209 399 0.90 
chair 261 293 339 385 0.90 
desk 0 478 169 607 0.90 
desk 328 303 436 371 0.83 
desk 406 270 480 313 0.61 
desk 19 288 169 430 0.60 
