chair 404 273 630 493 0.99 
chair 473 58 542 118 0.99 
chair 196 276 408 552 0.99 
chair 252 51 324 168 0.99 
chair 182 70 250 180 0.98 
chair 218 71 322 197 0.98 
chair 433 55 487 112 0.98 
table 129 296 800 609 0.98 
chair 618 327 800 446 0.97 
chair 689 165 796 325 0.97 
desk 85 59 163 133 0.91 
chair 141 82 245 195 0.90 
chair 177 354 469 593 0.89 
table 583 149 800 345 0.89 
chair 557 144 701 324 0.89 
table 533 37 684 155 0.81 
table 176 84 296 188 0.66 
chair 579 217 739 352 0.58 
chair 229 293 589 571 0.52 
chair 404 273 630 493 0.99 
chair 473 58 542 118 0.99 
chair 196 276 408 552 0.99 
chair 252 51 324 168 0.99 
chair 182 70 250 180 0.98 
chair 218 71 322 197 0.98 
chair 433 55 487 112 0.98 
table 129 296 800 609 0.98 
chair 618 327 800 446 0.97 
chair 689 165 796 325 0.97 
desk 85 59 163 133 0.91 
chair 141 82 245 195 0.90 
chair 177 354 469 593 0.89 
table 583 149 800 345 0.89 
chair 557 144 701 324 0.89 
table 533 37 684 155 0.81 
table 176 84 296 188 0.66 
chair 579 217 739 352 0.58 
chair 229 293 589 571 0.52 
