chair 7 382 233 495 1.00 
chair 391 321 561 596 0.99 
chair 297 272 457 449 0.95 
desk 50 290 239 425 0.94 
chair 659 359 798 604 0.93 
bookshelf 115 203 270 371 0.93 
desk 4 423 442 604 0.87 
chair 26 328 234 469 0.83 
desk 194 342 573 595 0.81 
desk 229 278 420 462 0.76 
desk 264 303 517 492 0.73 
chair 7 382 233 495 1.00 
chair 391 321 561 596 0.99 
chair 297 272 457 449 0.95 
desk 50 290 239 425 0.94 
chair 659 359 798 604 0.93 
bookshelf 115 203 270 371 0.93 
desk 4 423 442 604 0.87 
chair 26 328 234 469 0.83 
desk 194 342 573 595 0.81 
desk 229 278 420 462 0.76 
desk 264 303 517 492 0.73 
