chair 461 271 638 485 1.00 
chair 300 260 523 501 1.00 
chair 619 355 729 568 0.99 
table 27 345 674 607 0.97 
chair 447 379 698 606 0.97 
chair 290 378 647 613 0.96 
chair 64 367 351 601 0.95 
chair 212 262 453 522 0.94 
chair 197 336 521 577 0.68 
chair 555 372 718 593 0.62 
chair 461 271 638 485 1.00 
chair 300 260 523 501 1.00 
chair 619 355 729 568 0.99 
table 27 345 674 607 0.97 
chair 447 379 698 606 0.97 
chair 290 378 647 613 0.96 
chair 64 367 351 601 0.95 
chair 212 262 453 522 0.94 
chair 197 336 521 577 0.68 
chair 555 372 718 593 0.62 
