chair 454 311 555 425 1.00 
chair 16 307 125 461 1.00 
chair 332 311 427 436 1.00 
chair 255 373 437 604 1.00 
chair 399 293 465 395 0.99 
chair 220 312 315 431 0.99 
chair 12 370 224 603 0.94 
chair 205 319 336 488 0.84 
bookshelf 660 77 784 604 0.82 
chair 236 333 378 530 0.72 
table 1 380 63 573 0.54 
chair 454 311 555 425 1.00 
chair 16 307 125 461 1.00 
chair 332 311 427 436 1.00 
chair 255 373 437 604 1.00 
chair 399 293 465 395 0.99 
chair 220 312 315 431 0.99 
chair 12 370 224 603 0.94 
chair 205 319 336 488 0.84 
bookshelf 660 77 784 604 0.82 
chair 236 333 378 530 0.72 
table 1 380 63 573 0.54 
