chair 451 236 554 379 1.00 
chair 3 299 102 436 0.99 
chair 455 431 573 530 0.99 
bookshelf 91 181 274 334 0.98 
desk 278 272 434 415 0.97 
chair 581 476 744 608 0.97 
chair 519 308 658 480 0.96 
chair 150 290 258 455 0.90 
chair 0 354 158 576 0.85 
table 461 369 800 600 0.81 
desk 69 301 253 475 0.72 
desk 15 331 187 491 0.66 
chair 0 442 121 600 0.63 
desk 0 427 74 576 0.62 
bookshelf 432 227 621 338 0.60 
chair 451 236 554 379 1.00 
chair 3 299 102 436 0.99 
chair 455 431 573 530 0.99 
bookshelf 91 181 274 334 0.98 
desk 278 272 434 415 0.97 
chair 581 476 744 608 0.97 
chair 519 308 658 480 0.96 
chair 150 290 258 455 0.90 
chair 0 354 158 576 0.85 
table 461 369 800 600 0.81 
desk 69 301 253 475 0.72 
desk 15 331 187 491 0.66 
chair 0 442 121 600 0.63 
desk 0 427 74 576 0.62 
bookshelf 432 227 621 338 0.60 
