chair 194 284 399 499 0.99 
table 89 297 772 604 0.99 
chair 286 439 595 607 0.99 
chair 640 244 771 401 0.99 
chair 485 383 698 608 0.99 
chair 389 270 533 452 0.99 
chair 653 323 797 583 0.99 
chair 0 435 224 604 0.96 
chair 691 305 794 466 0.95 
chair 101 336 298 595 0.95 
chair 479 243 617 414 0.95 
table 391 280 794 580 0.93 
chair 390 410 659 598 0.66 
chair 546 352 763 590 0.61 
chair 194 284 399 499 0.99 
table 89 297 772 604 0.99 
chair 286 439 595 607 0.99 
chair 640 244 771 401 0.99 
chair 485 383 698 608 0.99 
chair 389 270 533 452 0.99 
chair 653 323 797 583 0.99 
chair 0 435 224 604 0.96 
chair 691 305 794 466 0.95 
chair 101 336 298 595 0.95 
chair 479 243 617 414 0.95 
table 391 280 794 580 0.93 
chair 390 410 659 598 0.66 
chair 546 352 763 590 0.61 
