chair 550 99 644 248 1.00 
chair 317 137 481 223 1.00 
sofa 69 114 338 236 1.00 
chair 392 124 511 200 1.00 
chair 197 226 499 592 1.00 
chair 24 211 200 461 0.99 
chair 542 167 709 543 0.97 
chair 197 144 417 456 0.97 
chair 600 129 729 331 0.97 
table 219 157 672 595 0.96 
chair 550 99 644 248 1.00 
chair 317 137 481 223 1.00 
sofa 69 114 338 236 1.00 
chair 392 124 511 200 1.00 
chair 197 226 499 592 1.00 
chair 24 211 200 461 0.99 
chair 542 167 709 543 0.97 
chair 197 144 417 456 0.97 
chair 600 129 729 331 0.97 
table 219 157 672 595 0.96 
