chair 374 309 474 453 1.00 
chair 526 341 686 574 1.00 
chair 180 388 437 607 1.00 
chair 308 310 431 471 1.00 
chair 485 317 579 444 1.00 
chair 176 335 343 589 0.99 
chair 272 317 405 508 0.99 
chair 677 395 799 605 0.99 
table 216 364 633 609 0.99 
chair 233 347 400 572 0.99 
chair 374 309 474 453 1.00 
chair 526 341 686 574 1.00 
chair 180 388 437 607 1.00 
chair 308 310 431 471 1.00 
chair 485 317 579 444 1.00 
chair 176 335 343 589 0.99 
chair 272 317 405 508 0.99 
chair 677 395 799 605 0.99 
table 216 364 633 609 0.99 
chair 233 347 400 572 0.99 
