chair 547 81 688 335 1.00 
chair 536 268 700 557 1.00 
chair 663 266 777 424 1.00 
chair 310 131 495 462 1.00 
chair 166 84 320 315 1.00 
chair 41 137 219 337 0.98 
chair 9 169 272 537 0.93 
table 117 237 725 451 0.89 
chair 312 108 376 351 0.87 
chair 465 68 548 310 0.84 
chair 337 84 397 305 0.74 
chair 530 159 694 443 0.68 
chair 547 81 688 335 1.00 
chair 536 268 700 557 1.00 
chair 663 266 777 424 1.00 
chair 310 131 495 462 1.00 
chair 166 84 320 315 1.00 
chair 41 137 219 337 0.98 
chair 9 169 272 537 0.93 
table 117 237 725 451 0.89 
chair 312 108 376 351 0.87 
chair 465 68 548 310 0.84 
chair 337 84 397 305 0.74 
chair 530 159 694 443 0.68 
