bookshelf 335 0 465 281 1.00 
chair 78 230 299 553 1.00 
chair 314 214 508 519 1.00 
chair 394 172 495 329 1.00 
chair 76 200 248 450 1.00 
table 147 243 501 564 0.99 
chair 684 317 800 535 0.99 
chair 309 201 410 415 0.97 
chair 360 197 490 425 0.61 
bookshelf 335 0 465 281 1.00 
chair 78 230 299 553 1.00 
chair 314 214 508 519 1.00 
chair 394 172 495 329 1.00 
chair 76 200 248 450 1.00 
table 147 243 501 564 0.99 
chair 684 317 800 535 0.99 
chair 309 201 410 415 0.97 
chair 360 197 490 425 0.61 
