chair 530 271 691 496 1.00 
chair 67 291 213 501 0.99 
chair 312 269 440 411 0.99 
chair 203 314 482 609 0.99 
chair 458 344 741 616 0.99 
chair 15 276 136 434 0.99 
chair 154 304 342 567 0.99 
chair 408 282 543 453 0.98 
table 115 295 637 585 0.97 
table 291 304 593 550 0.62 
chair 530 271 691 496 1.00 
chair 67 291 213 501 0.99 
chair 312 269 440 411 0.99 
chair 203 314 482 609 0.99 
chair 458 344 741 616 0.99 
chair 15 276 136 434 0.99 
chair 154 304 342 567 0.99 
chair 408 282 543 453 0.98 
table 115 295 637 585 0.97 
table 291 304 593 550 0.62 
