chair 249 208 466 486 1.00 
chair 460 212 632 470 1.00 
chair 412 152 570 313 1.00 
chair 587 186 719 411 1.00 
table 294 193 768 460 1.00 
chair 482 145 605 290 0.98 
chair 681 156 767 294 0.98 
chair 662 168 791 353 0.98 
chair 426 173 613 370 0.92 
chair 249 208 466 486 1.00 
chair 460 212 632 470 1.00 
chair 412 152 570 313 1.00 
chair 587 186 719 411 1.00 
table 294 193 768 460 1.00 
chair 482 145 605 290 0.98 
chair 681 156 767 294 0.98 
chair 662 168 791 353 0.98 
chair 426 173 613 370 0.92 
