chair 324 254 497 475 1.00 
chair 179 265 361 529 1.00 
chair 1 396 382 609 0.99 
chair 665 316 797 609 0.99 
chair 0 294 151 420 0.99 
chair 527 234 674 421 0.99 
chair 461 243 615 435 0.99 
chair 607 231 761 404 0.98 
chair 375 343 725 606 0.98 
chair 559 328 777 605 0.88 
chair 324 254 497 475 1.00 
chair 179 265 361 529 1.00 
chair 1 396 382 609 0.99 
chair 665 316 797 609 0.99 
chair 0 294 151 420 0.99 
chair 527 234 674 421 0.99 
chair 461 243 615 435 0.99 
chair 607 231 761 404 0.98 
chair 375 343 725 606 0.98 
chair 559 328 777 605 0.88 
