chair 635 155 744 320 1.00 
chair 394 170 552 390 1.00 
chair 344 174 511 425 1.00 
chair 492 167 599 318 1.00 
table 246 147 370 262 0.99 
table 354 239 795 601 0.97 
chair 240 202 484 584 0.97 
chair 270 291 634 594 0.79 
chair 450 171 572 350 0.77 
chair 635 155 744 320 1.00 
chair 394 170 552 390 1.00 
chair 344 174 511 425 1.00 
chair 492 167 599 318 1.00 
table 246 147 370 262 0.99 
table 354 239 795 601 0.97 
chair 240 202 484 584 0.97 
chair 270 291 634 594 0.79 
chair 450 171 572 350 0.77 
