chair 476 26 614 297 1.00 
chair 617 29 790 258 1.00 
chair 315 29 533 404 0.99 
chair 0 7 169 334 0.99 
table 302 54 782 514 0.99 
chair 402 33 591 327 0.97 
chair 545 170 800 538 0.91 
chair 92 400 726 608 0.67 
chair 318 26 538 399 1.00 
chair 609 26 797 260 1.00 
chair 0 13 176 341 0.99 
chair 490 19 612 282 0.99 
chair 531 174 788 526 0.99 
table 300 62 771 511 0.99 
chair 386 30 575 325 0.83 
chair 476 26 614 297 1.00 
chair 617 29 790 258 1.00 
chair 315 29 533 404 0.99 
chair 0 7 169 334 0.99 
table 302 54 782 514 0.99 
chair 402 33 591 327 0.97 
chair 545 170 800 538 0.91 
chair 92 400 726 608 0.67 
