chair 372 268 474 334 1.00 
chair 696 305 803 424 1.00 
chair 543 274 618 342 1.00 
chair 662 253 745 359 1.00 
chair 582 300 726 491 0.99 
chair 131 296 219 403 0.99 
chair 28 241 147 373 0.99 
chair 10 300 170 443 0.94 
chair 701 359 813 597 0.93 
table 0 396 605 599 0.92 
table 160 322 586 462 0.90 
chair 0 369 196 511 0.83 
chair 74 302 186 422 0.53 
chair 372 268 474 334 1.00 
chair 696 305 803 424 1.00 
chair 543 274 618 342 1.00 
chair 662 253 745 359 1.00 
chair 582 300 726 491 0.99 
chair 131 296 219 403 0.99 
chair 28 241 147 373 0.99 
chair 10 300 170 443 0.94 
chair 701 359 813 597 0.93 
table 0 396 605 599 0.92 
table 160 322 586 462 0.90 
chair 0 369 196 511 0.83 
chair 74 302 186 422 0.53 
