chair 396 311 486 446 1.00 
chair 295 319 391 454 1.00 
chair 570 369 749 551 1.00 
chair 498 332 639 401 1.00 
chair 41 320 168 511 1.00 
chair 235 442 485 607 1.00 
table 285 372 812 601 0.99 
chair 353 524 622 610 0.96 
chair 232 359 378 544 0.95 
chair 204 401 394 595 0.93 
chair 396 311 486 446 1.00 
chair 295 319 391 454 1.00 
chair 570 369 749 551 1.00 
chair 498 332 639 401 1.00 
chair 41 320 168 511 1.00 
chair 235 442 485 607 1.00 
table 285 372 812 601 0.99 
chair 353 524 622 610 0.96 
chair 232 359 378 544 0.95 
chair 204 401 394 595 0.93 
