chair 288 44 393 151 1.00 
chair 523 125 665 331 1.00 
chair 252 86 418 282 1.00 
chair 420 98 511 171 1.00 
chair 190 242 425 540 1.00 
chair 455 382 761 607 1.00 
chair 572 233 757 456 1.00 
chair 346 144 571 403 0.99 
chair 444 93 550 259 0.98 
chair 278 67 399 220 0.64 
chair 288 44 393 151 1.00 
chair 523 125 665 331 1.00 
chair 252 86 418 282 1.00 
chair 420 98 511 171 1.00 
chair 190 242 425 540 1.00 
chair 455 382 761 607 1.00 
chair 572 233 757 456 1.00 
chair 346 144 571 403 0.99 
chair 444 93 550 259 0.98 
chair 278 67 399 220 0.64 
