chair 591 57 723 220 1.00 
chair 554 396 816 606 1.00 
chair 2 449 211 609 0.99 
chair 392 130 578 388 0.99 
chair 23 85 197 162 0.99 
table 16 169 403 526 0.98 
chair 292 173 497 492 0.98 
table 38 83 452 224 0.96 
chair 413 90 552 315 0.95 
chair 441 78 552 226 0.63 
chair 591 57 723 220 1.00 
chair 554 396 816 606 1.00 
chair 2 449 211 609 0.99 
chair 392 130 578 388 0.99 
chair 23 85 197 162 0.99 
table 16 169 403 526 0.98 
chair 292 173 497 492 0.98 
table 38 83 452 224 0.96 
chair 413 90 552 315 0.95 
chair 441 78 552 226 0.63 
