chair 602 192 712 340 1.00 
chair 516 152 627 273 1.00 
chair 141 212 291 377 1.00 
chair 342 271 506 383 1.00 
chair 669 229 812 346 1.00 
chair 93 481 351 607 0.99 
table 242 181 689 425 0.99 
chair 0 238 154 473 0.99 
chair 277 411 493 571 0.99 
chair 284 187 435 354 0.98 
table 0 264 393 488 0.98 
chair 171 185 293 251 0.96 
chair 354 174 499 299 0.95 
chair 371 142 467 213 0.59 
chair 602 192 712 340 1.00 
chair 516 152 627 273 1.00 
chair 141 212 291 377 1.00 
chair 342 271 506 383 1.00 
chair 669 229 812 346 1.00 
chair 93 481 351 607 0.99 
table 242 181 689 425 0.99 
chair 0 238 154 473 0.99 
chair 277 411 493 571 0.99 
chair 284 187 435 354 0.98 
table 0 264 393 488 0.98 
chair 171 185 293 251 0.96 
chair 354 174 499 299 0.95 
chair 371 142 467 213 0.59 
