chair 707 186 803 296 1.00 
chair 697 147 802 253 1.00 
chair 653 194 767 306 1.00 
chair 346 160 438 224 1.00 
chair 713 216 812 340 1.00 
chair 134 395 443 611 0.99 
chair 326 286 566 558 0.99 
table 0 249 405 607 0.99 
table 250 162 341 250 0.91 
chair 707 186 803 296 1.00 
chair 697 147 802 253 1.00 
chair 653 194 767 306 1.00 
chair 346 160 438 224 1.00 
chair 713 216 812 340 1.00 
chair 134 395 443 611 0.99 
chair 326 286 566 558 0.99 
table 0 249 405 607 0.99 
table 250 162 341 250 0.91 
