chair 394 255 565 486 1.00 
chair 267 162 389 226 1.00 
chair 587 175 700 334 1.00 
chair 459 209 595 362 1.00 
chair 258 310 569 612 1.00 
chair 1 178 205 310 1.00 
chair 388 165 509 238 1.00 
table 8 203 507 608 0.99 
chair 425 230 583 420 0.91 
chair 122 183 296 254 0.85 
chair 394 255 565 486 1.00 
chair 267 162 389 226 1.00 
chair 587 175 700 334 1.00 
chair 459 209 595 362 1.00 
chair 258 310 569 612 1.00 
chair 1 178 205 310 1.00 
chair 388 165 509 238 1.00 
table 8 203 507 608 0.99 
chair 425 230 583 420 0.91 
chair 122 183 296 254 0.85 
