chair 163 168 392 399 1.00 
chair 375 34 533 196 1.00 
chair 616 38 775 195 1.00 
chair 495 28 616 172 1.00 
chair 379 146 557 296 1.00 
sofa 0 27 209 200 1.00 
chair 553 90 729 276 1.00 
chair 223 137 393 280 0.99 
chair 288 42 422 149 0.99 
table 319 61 765 285 0.99 
chair 434 328 808 608 0.99 
chair 474 118 638 310 0.98 
chair 325 43 478 167 0.96 
chair 370 92 536 251 0.61 
chair 163 168 392 399 1.00 
chair 375 34 533 196 1.00 
chair 616 38 775 195 1.00 
chair 495 28 616 172 1.00 
chair 379 146 557 296 1.00 
sofa 0 27 209 200 1.00 
chair 553 90 729 276 1.00 
chair 223 137 393 280 0.99 
chair 288 42 422 149 0.99 
table 319 61 765 285 0.99 
chair 434 328 808 608 0.99 
chair 474 118 638 310 0.98 
chair 325 43 478 167 0.96 
chair 370 92 536 251 0.61 
