chair 474 130 623 331 1.00 
chair 228 116 376 268 1.00 
chair 1 441 237 608 1.00 
chair 47 118 235 203 1.00 
chair 138 274 407 601 1.00 
chair 280 177 452 443 1.00 
table 0 158 378 627 0.97 
chair 0 84 52 201 0.78 
chair 482 127 618 325 1.00 
chair 211 113 376 274 1.00 
chair 37 119 239 212 1.00 
chair 296 177 448 448 0.99 
chair 0 433 240 606 0.99 
chair 140 277 404 608 0.99 
chair 0 89 51 202 0.96 
table 4 178 409 613 0.93 
chair 474 130 623 331 1.00 
chair 228 116 376 268 1.00 
chair 1 441 237 608 1.00 
chair 47 118 235 203 1.00 
chair 138 274 407 601 1.00 
chair 280 177 452 443 1.00 
table 0 158 378 627 0.97 
chair 0 84 52 201 0.78 
