chair 535 3 680 70 1.00 
chair 149 4 319 177 1.00 
chair 275 1 434 106 1.00 
chair 125 293 547 608 1.00 
table 0 118 805 603 0.99 
table 371 38 791 214 0.96 
chair 0 56 104 339 0.84 
chair 529 0 680 71 1.00 
chair 279 0 442 106 1.00 
chair 143 2 318 186 1.00 
chair 124 304 530 606 0.99 
table 17 115 808 615 0.97 
chair 1 66 98 330 0.94 
table 394 46 809 222 0.93 
chair 535 3 680 70 1.00 
chair 149 4 319 177 1.00 
chair 275 1 434 106 1.00 
chair 125 293 547 608 1.00 
table 0 118 805 603 0.99 
table 371 38 791 214 0.96 
chair 0 56 104 339 0.84 
