chair 221 291 502 521 1.00 
chair 322 74 531 248 1.00 
chair 577 33 729 132 1.00 
chair 727 31 814 184 1.00 
chair 619 85 741 230 1.00 
chair 0 10 175 276 1.00 
chair 421 372 789 605 1.00 
chair 0 163 167 281 1.00 
table 115 4 614 211 0.93 
table 540 206 811 605 0.76 
chair 221 291 502 521 1.00 
chair 322 74 531 248 1.00 
chair 577 33 729 132 1.00 
chair 727 31 814 184 1.00 
chair 619 85 741 230 1.00 
chair 0 10 175 276 1.00 
chair 421 372 789 605 1.00 
chair 0 163 167 281 1.00 
table 115 4 614 211 0.93 
table 540 206 811 605 0.76 
