chair 420 269 652 506 1.00 
chair 348 115 504 277 1.00 
chair 421 41 516 148 1.00 
chair 150 176 365 350 1.00 
chair 238 58 370 180 1.00 
chair 130 436 414 607 0.99 
table 514 39 815 322 0.98 
chair 40 306 326 599 0.98 
table 1 206 226 640 0.94 
table 4 48 345 376 0.91 
table 639 223 811 578 0.89 
chair 420 269 652 506 1.00 
chair 348 115 504 277 1.00 
chair 421 41 516 148 1.00 
chair 150 176 365 350 1.00 
chair 238 58 370 180 1.00 
chair 130 436 414 607 0.99 
table 514 39 815 322 0.98 
chair 40 306 326 599 0.98 
table 1 206 226 640 0.94 
table 4 48 345 376 0.91 
table 639 223 811 578 0.89 
