chair 524 390 628 526 1.00 
chair 177 434 532 608 1.00 
chair 500 435 697 604 0.99 
chair 652 443 817 592 0.99 
chair 448 410 588 555 0.99 
chair 1 419 92 550 0.99 
chair 731 424 818 512 0.99 
chair 148 415 251 504 0.98 
chair 46 417 157 504 0.98 
chair 663 406 801 520 0.97 
chair 29 460 213 607 0.97 
chair 1 440 161 563 0.93 
chair 106 420 233 519 0.91 
chair 596 414 730 514 0.88 
chair 612 433 775 568 0.72 
chair 98 454 416 607 0.66 
chair 381 416 539 539 0.53 
chair 524 390 628 526 1.00 
chair 177 434 532 608 1.00 
chair 500 435 697 604 0.99 
chair 652 443 817 592 0.99 
chair 448 410 588 555 0.99 
chair 1 419 92 550 0.99 
chair 731 424 818 512 0.99 
chair 148 415 251 504 0.98 
chair 46 417 157 504 0.98 
chair 663 406 801 520 0.97 
chair 29 460 213 607 0.97 
chair 1 440 161 563 0.93 
chair 106 420 233 519 0.91 
chair 596 414 730 514 0.88 
chair 612 433 775 568 0.72 
chair 98 454 416 607 0.66 
chair 381 416 539 539 0.53 
