chair 404 327 556 509 1.00 
chair 240 326 374 454 0.99 
chair 582 458 811 608 0.99 
chair 285 338 433 494 0.99 
chair 536 358 763 595 0.98 
chair 702 355 814 550 0.98 
chair 552 347 741 495 0.98 
table 2 372 155 608 0.96 
chair 637 347 771 508 0.60 
chair 404 327 556 509 1.00 
chair 240 326 374 454 0.99 
chair 582 458 811 608 0.99 
chair 285 338 433 494 0.99 
chair 536 358 763 595 0.98 
chair 702 355 814 550 0.98 
chair 552 347 741 495 0.98 
table 2 372 155 608 0.96 
chair 637 347 771 508 0.60 
