chair 620 266 720 419 1.00 
chair 440 299 660 522 1.00 
chair 0 396 282 596 1.00 
chair 508 271 605 425 1.00 
chair 197 331 458 606 0.99 
chair 127 274 311 551 0.99 
chair 271 281 377 433 0.99 
chair 343 308 495 539 0.98 
chair 698 281 812 357 0.97 
chair 395 280 488 434 0.97 
chair 732 295 813 425 0.96 
chair 488 290 615 484 0.71 
chair 466 280 623 519 1.00 
chair 623 270 724 429 1.00 
chair 507 273 599 425 0.99 
chair 391 275 477 422 0.98 
chair 4 346 260 598 0.96 
chair 218 336 445 604 0.95 
chair 280 283 389 422 0.94 
chair 698 280 811 352 0.84 
chair 363 294 487 509 0.80 
chair 757 361 816 559 0.59 
chair 620 266 720 419 1.00 
chair 440 299 660 522 1.00 
chair 0 396 282 596 1.00 
chair 508 271 605 425 1.00 
chair 197 331 458 606 0.99 
chair 127 274 311 551 0.99 
chair 271 281 377 433 0.99 
chair 343 308 495 539 0.98 
chair 698 281 812 357 0.97 
chair 395 280 488 434 0.97 
chair 732 295 813 425 0.96 
chair 488 290 615 484 0.71 
