chair 139 263 256 403 1.00 
chair 580 251 695 374 1.00 
chair 256 264 361 382 1.00 
chair 209 300 331 455 1.00 
chair 47 273 151 362 1.00 
chair 52 309 198 452 1.00 
chair 680 279 807 441 0.99 
chair 7 332 246 600 0.99 
chair 0 317 79 476 0.99 
chair 721 299 815 560 0.76 
chair 99 290 235 432 0.71 
chair 139 263 256 403 1.00 
chair 580 251 695 374 1.00 
chair 256 264 361 382 1.00 
chair 209 300 331 455 1.00 
chair 47 273 151 362 1.00 
chair 52 309 198 452 1.00 
chair 680 279 807 441 0.99 
chair 7 332 246 600 0.99 
chair 0 317 79 476 0.99 
chair 721 299 815 560 0.76 
chair 99 290 235 432 0.71 
