chair 270 309 395 447 1.00 
chair 606 291 762 475 1.00 
chair 325 325 545 547 0.99 
chair 682 316 812 529 0.99 
chair 361 346 668 606 0.99 
chair 500 305 589 431 0.99 
chair 20 325 182 517 0.98 
chair 545 323 641 454 0.98 
chair 312 321 456 511 0.98 
chair 270 309 395 447 1.00 
chair 606 291 762 475 1.00 
chair 325 325 545 547 0.99 
chair 682 316 812 529 0.99 
chair 361 346 668 606 0.99 
chair 500 305 589 431 0.99 
chair 20 325 182 517 0.98 
chair 545 323 641 454 0.98 
chair 312 321 456 511 0.98 
