chair 490 187 783 517 1.00 
chair 402 60 495 182 1.00 
chair 658 125 754 201 0.99 
chair 440 138 597 329 0.99 
chair 413 108 524 212 0.98 
chair 505 59 600 171 0.98 
chair 588 71 676 182 0.98 
chair 725 152 813 328 0.97 
chair 538 110 647 196 0.95 
chair 716 119 809 209 0.94 
chair 517 89 627 184 0.84 
chair 632 148 772 305 0.77 
chair 707 190 814 464 0.76 
chair 628 137 765 227 0.61 
table 55 239 763 546 0.60 
chair 424 118 544 259 0.56 
chair 490 187 783 517 1.00 
chair 402 60 495 182 1.00 
chair 658 125 754 201 0.99 
chair 440 138 597 329 0.99 
chair 413 108 524 212 0.98 
chair 505 59 600 171 0.98 
chair 588 71 676 182 0.98 
chair 725 152 813 328 0.97 
chair 538 110 647 196 0.95 
chair 716 119 809 209 0.94 
chair 517 89 627 184 0.84 
chair 632 148 772 305 0.77 
chair 707 190 814 464 0.76 
chair 628 137 765 227 0.61 
table 55 239 763 546 0.60 
chair 424 118 544 259 0.56 
