chair 628 198 742 328 1.00 
chair 545 241 679 413 1.00 
chair 387 295 587 528 1.00 
chair 311 242 401 307 1.00 
chair 2 338 218 565 0.99 
chair 2 305 186 453 0.99 
chair 491 207 607 288 0.99 
chair 226 299 416 496 0.99 
chair 399 250 551 393 0.99 
chair 265 244 427 405 0.97 
chair 375 213 511 313 0.97 
chair 7 346 412 605 0.96 
chair 172 255 312 336 0.93 
chair 183 290 280 459 0.91 
chair 171 267 296 394 0.71 
chair 420 205 549 299 0.60 
chair 628 198 742 328 1.00 
chair 545 241 679 413 1.00 
chair 387 295 587 528 1.00 
chair 311 242 401 307 1.00 
chair 2 338 218 565 0.99 
chair 2 305 186 453 0.99 
chair 491 207 607 288 0.99 
chair 226 299 416 496 0.99 
chair 399 250 551 393 0.99 
chair 265 244 427 405 0.97 
chair 375 213 511 313 0.97 
chair 7 346 412 605 0.96 
chair 172 255 312 336 0.93 
chair 183 290 280 459 0.91 
chair 171 267 296 394 0.71 
chair 420 205 549 299 0.60 
