chair 670 342 815 577 1.00 
chair 252 324 523 512 1.00 
chair 318 312 474 468 1.00 
chair 118 334 328 506 1.00 
chair 74 337 201 493 1.00 
chair 560 296 718 430 0.99 
chair 574 330 775 454 0.96 
chair 400 288 625 377 0.95 
chair 488 320 692 456 0.65 
chair 670 342 815 577 1.00 
chair 252 324 523 512 1.00 
chair 318 312 474 468 1.00 
chair 118 334 328 506 1.00 
chair 74 337 201 493 1.00 
chair 560 296 718 430 0.99 
chair 574 330 775 454 0.96 
chair 400 288 625 377 0.95 
chair 488 320 692 456 0.65 
