chair 703 462 816 609 1.00 
chair 178 343 585 604 1.00 
chair 354 255 512 408 1.00 
chair 275 290 523 556 0.99 
chair 609 379 814 597 0.99 
chair 538 313 699 505 0.97 
chair 533 312 669 396 0.95 
chair 48 394 476 607 0.93 
chair 575 334 761 561 0.93 
chair 348 277 534 491 0.53 
chair 443 388 776 604 0.50 
chair 703 462 816 609 1.00 
chair 178 343 585 604 1.00 
chair 354 255 512 408 1.00 
chair 275 290 523 556 0.99 
chair 609 379 814 597 0.99 
chair 538 313 699 505 0.97 
chair 533 312 669 396 0.95 
chair 48 394 476 607 0.93 
chair 575 334 761 561 0.93 
chair 348 277 534 491 0.53 
chair 443 388 776 604 0.50 
