chair 142 322 243 450 1.00 
chair 253 321 368 398 1.00 
chair 248 397 502 602 1.00 
chair 2 328 134 425 1.00 
chair 181 372 299 501 1.00 
chair 16 292 112 338 0.99 
chair 0 405 243 606 0.99 
chair 586 314 703 446 0.98 
chair 648 342 810 509 0.97 
chair 668 308 764 434 0.97 
chair 17 362 167 506 0.94 
chair 778 305 815 429 0.72 
table 548 327 783 474 0.69 
chair 516 282 607 376 0.64 
chair 142 322 243 450 1.00 
chair 253 321 368 398 1.00 
chair 248 397 502 602 1.00 
chair 2 328 134 425 1.00 
chair 181 372 299 501 1.00 
chair 16 292 112 338 0.99 
chair 0 405 243 606 0.99 
chair 586 314 703 446 0.98 
chair 648 342 810 509 0.97 
chair 668 308 764 434 0.97 
chair 17 362 167 506 0.94 
chair 778 305 815 429 0.72 
table 548 327 783 474 0.69 
chair 516 282 607 376 0.64 
