chair 272 122 397 253 1.00 
chair 482 95 571 195 1.00 
chair 189 221 394 454 1.00 
chair 360 107 518 255 1.00 
chair 114 121 258 290 1.00 
bookshelf 421 8 619 204 1.00 
chair 0 252 132 498 0.99 
bookshelf 1 0 246 291 0.99 
chair 3 156 131 292 0.99 
bookshelf 205 3 443 249 0.99 
chair 644 157 812 471 0.99 
table 10 238 538 497 0.98 
chair 480 171 716 475 0.97 
chair 272 122 397 253 1.00 
chair 482 95 571 195 1.00 
chair 189 221 394 454 1.00 
chair 360 107 518 255 1.00 
chair 114 121 258 290 1.00 
bookshelf 421 8 619 204 1.00 
chair 0 252 132 498 0.99 
bookshelf 1 0 246 291 0.99 
chair 3 156 131 292 0.99 
bookshelf 205 3 443 249 0.99 
chair 644 157 812 471 0.99 
table 10 238 538 497 0.98 
chair 480 171 716 475 0.97 
