chair 144 279 300 475 1.00 
chair 0 297 133 521 1.00 
chair 429 308 633 588 1.00 
chair 521 385 818 610 0.99 
chair 366 273 525 485 0.98 
chair 325 254 460 442 0.98 
chair 647 564 815 608 0.97 
bookshelf 533 2 694 452 0.79 
bookshelf 524 29 795 576 0.58 
chair 144 279 300 475 1.00 
chair 0 297 133 521 1.00 
chair 429 308 633 588 1.00 
chair 521 385 818 610 0.99 
chair 366 273 525 485 0.98 
chair 325 254 460 442 0.98 
chair 647 564 815 608 0.97 
bookshelf 533 2 694 452 0.79 
bookshelf 524 29 795 576 0.58 
