chair 3 195 120 428 1.00 
chair 67 49 212 197 1.00 
chair 552 104 758 196 1.00 
chair 318 65 498 256 1.00 
chair 143 325 549 606 1.00 
chair 430 21 512 138 0.99 
table 194 227 800 611 0.99 
chair 230 64 402 232 0.99 
chair 699 117 810 401 0.99 
chair 34 208 247 468 0.99 
table 5 141 373 459 0.98 
table 347 125 788 300 0.94 
chair 361 414 810 613 0.91 
table 155 91 474 241 0.77 
chair 3 195 120 428 1.00 
chair 67 49 212 197 1.00 
chair 552 104 758 196 1.00 
chair 318 65 498 256 1.00 
chair 143 325 549 606 1.00 
chair 430 21 512 138 0.99 
table 194 227 800 611 0.99 
chair 230 64 402 232 0.99 
chair 699 117 810 401 0.99 
chair 34 208 247 468 0.99 
table 5 141 373 459 0.98 
table 347 125 788 300 0.94 
chair 361 414 810 613 0.91 
table 155 91 474 241 0.77 
