chair 56 35 270 311 1.00 
bookshelf 333 7 645 415 0.99 
chair 19 15 197 265 0.99 
chair 313 135 524 348 0.98 
chair 132 48 411 379 0.98 
chair 0 0 97 165 0.98 
chair 740 433 811 611 0.96 
chair 0 219 259 564 0.80 
table 0 380 333 610 0.79 
chair 0 184 109 494 0.77 
chair 56 35 270 311 1.00 
bookshelf 333 7 645 415 0.99 
chair 19 15 197 265 0.99 
chair 313 135 524 348 0.98 
chair 132 48 411 379 0.98 
chair 0 0 97 165 0.98 
chair 740 433 811 611 0.96 
chair 0 219 259 564 0.80 
table 0 380 333 610 0.79 
chair 0 184 109 494 0.77 
