chair 42 426 268 597 1.00 
chair 423 384 637 596 0.99 
chair 0 432 113 605 0.99 
chair 247 345 460 512 0.98 
chair 169 377 420 558 0.98 
chair 241 427 602 608 0.97 
chair 557 324 697 427 0.97 
chair 479 332 680 537 0.96 
chair 22 380 215 565 0.92 
chair 363 328 517 433 0.90 
chair 300 330 505 480 0.87 
chair 42 426 268 597 1.00 
chair 423 384 637 596 0.99 
chair 0 432 113 605 0.99 
chair 247 345 460 512 0.98 
chair 169 377 420 558 0.98 
chair 241 427 602 608 0.97 
chair 557 324 697 427 0.97 
chair 479 332 680 537 0.96 
chair 22 380 215 565 0.92 
chair 363 328 517 433 0.90 
chair 300 330 505 480 0.87 
