chair 521 396 807 602 1.00 
chair 427 315 619 476 1.00 
chair 125 352 386 577 1.00 
chair 181 275 323 398 1.00 
chair 378 300 494 408 1.00 
chair 710 426 814 527 1.00 
chair 157 328 345 502 0.99 
chair 398 305 559 443 0.98 
chair 477 375 709 534 0.73 
chair 521 396 807 602 1.00 
chair 427 315 619 476 1.00 
chair 125 352 386 577 1.00 
chair 181 275 323 398 1.00 
chair 378 300 494 408 1.00 
chair 710 426 814 527 1.00 
chair 157 328 345 502 0.99 
chair 398 305 559 443 0.98 
chair 477 375 709 534 0.73 
