chair 397 375 528 525 1.00 
chair 529 392 642 481 1.00 
chair 300 463 521 607 0.99 
chair 223 436 414 596 0.99 
chair 649 400 761 470 0.99 
chair 135 371 297 519 0.99 
chair 393 444 579 603 0.98 
chair 256 367 404 500 0.98 
chair 578 436 782 604 0.98 
chair 4 462 148 597 0.93 
chair 140 424 362 579 0.88 
chair 44 402 281 558 0.86 
chair 577 550 768 610 0.82 
chair 757 405 812 561 0.75 
chair 175 392 356 533 0.57 
chair 640 395 789 521 0.55 
chair 397 375 528 525 1.00 
chair 529 392 642 481 1.00 
chair 300 463 521 607 0.99 
chair 223 436 414 596 0.99 
chair 649 400 761 470 0.99 
chair 135 371 297 519 0.99 
chair 393 444 579 603 0.98 
chair 256 367 404 500 0.98 
chair 578 436 782 604 0.98 
chair 4 462 148 597 0.93 
chair 140 424 362 579 0.88 
chair 44 402 281 558 0.86 
chair 577 550 768 610 0.82 
chair 757 405 812 561 0.75 
chair 175 392 356 533 0.57 
chair 640 395 789 521 0.55 
