chair 178 432 309 610 1.00 
chair 271 400 439 606 1.00 
chair 725 229 799 365 0.99 
chair 138 334 274 457 0.99 
chair 476 298 627 451 0.99 
chair 246 326 359 376 0.99 
chair 495 304 668 516 0.98 
table 383 311 608 548 0.95 
table 175 354 421 581 0.94 
table 208 333 388 408 0.86 
table 173 347 392 465 0.76 
chair 178 432 309 610 1.00 
chair 271 400 439 606 1.00 
chair 725 229 799 365 0.99 
chair 138 334 274 457 0.99 
chair 476 298 627 451 0.99 
chair 246 326 359 376 0.99 
chair 495 304 668 516 0.98 
table 383 311 608 548 0.95 
table 175 354 421 581 0.94 
table 208 333 388 408 0.86 
table 173 347 392 465 0.76 
