chair 486 363 652 545 1.00 
chair 0 277 90 397 0.99 
chair 236 384 466 598 0.99 
chair 316 436 640 608 0.99 
chair 1 344 157 565 0.99 
chair 587 409 774 592 0.99 
chair 0 448 159 616 0.98 
chair 170 316 282 410 0.98 
chair 176 330 348 525 0.96 
chair 183 350 278 438 0.95 
chair 0 290 115 480 0.94 
chair 652 368 789 520 0.93 
chair 508 444 722 605 0.59 
chair 486 363 652 545 1.00 
chair 0 277 90 397 0.99 
chair 236 384 466 598 0.99 
chair 316 436 640 608 0.99 
chair 1 344 157 565 0.99 
chair 587 409 774 592 0.99 
chair 0 448 159 616 0.98 
chair 170 316 282 410 0.98 
chair 176 330 348 525 0.96 
chair 183 350 278 438 0.95 
chair 0 290 115 480 0.94 
chair 652 368 789 520 0.93 
chair 508 444 722 605 0.59 
