chair 571 115 686 231 1.00 
chair 468 122 591 255 1.00 
chair 398 140 529 292 1.00 
chair 146 149 245 290 1.00 
chair 275 171 454 357 0.99 
chair 715 136 813 297 0.99 
chair 156 204 394 445 0.99 
table 364 223 797 602 0.97 
table 0 323 621 607 0.97 
table 407 151 805 327 0.96 
table 179 198 528 382 0.74 
chair 571 115 686 231 1.00 
chair 468 122 591 255 1.00 
chair 398 140 529 292 1.00 
chair 146 149 245 290 1.00 
chair 275 171 454 357 0.99 
chair 715 136 813 297 0.99 
chair 156 204 394 445 0.99 
table 364 223 797 602 0.97 
table 0 323 621 607 0.97 
table 407 151 805 327 0.96 
table 179 198 528 382 0.74 
