chair 1 163 238 399 1.00 
bookshelf 236 0 425 316 1.00 
bookshelf 428 0 601 309 1.00 
chair 505 207 696 373 1.00 
chair 491 355 815 607 0.99 
chair 667 192 811 391 0.98 
chair 430 269 657 592 0.97 
table 518 240 804 539 0.87 
table 679 217 814 523 0.79 
chair 1 163 238 399 1.00 
bookshelf 236 0 425 316 1.00 
bookshelf 428 0 601 309 1.00 
chair 505 207 696 373 1.00 
chair 491 355 815 607 0.99 
chair 667 192 811 391 0.98 
chair 430 269 657 592 0.97 
table 518 240 804 539 0.87 
table 679 217 814 523 0.79 
