chair 385 259 537 422 1.00 
chair 115 222 221 341 1.00 
chair 0 222 122 349 1.00 
bookshelf 0 0 257 338 1.00 
chair 570 464 811 608 0.98 
table 0 452 278 609 0.94 
chair 7 301 239 508 0.93 
chair 46 218 170 338 0.83 
chair 0 299 79 519 0.76 
bookshelf 54 134 246 335 0.51 
chair 385 259 537 422 1.00 
chair 115 222 221 341 1.00 
chair 0 222 122 349 1.00 
bookshelf 0 0 257 338 1.00 
chair 570 464 811 608 0.98 
table 0 452 278 609 0.94 
chair 7 301 239 508 0.93 
chair 46 218 170 338 0.83 
chair 0 299 79 519 0.76 
bookshelf 54 134 246 335 0.51 
