chair 107 133 205 226 1.00 
chair 393 99 516 211 1.00 
chair 2 358 301 601 1.00 
chair 624 85 719 158 0.99 
table 106 138 708 532 0.99 
chair 426 114 648 291 0.99 
table 103 141 437 288 0.99 
table 321 228 808 600 0.99 
chair 52 216 264 355 0.98 
table 555 204 814 334 0.96 
chair 513 131 775 314 0.94 
chair 12 198 204 310 0.92 
chair 30 439 390 611 0.87 
chair 65 183 360 368 0.58 
chair 479 124 633 186 0.52 
chair 107 133 205 226 1.00 
chair 393 99 516 211 1.00 
chair 2 358 301 601 1.00 
chair 624 85 719 158 0.99 
table 106 138 708 532 0.99 
chair 426 114 648 291 0.99 
table 103 141 437 288 0.99 
table 321 228 808 600 0.99 
chair 52 216 264 355 0.98 
table 555 204 814 334 0.96 
chair 513 131 775 314 0.94 
chair 12 198 204 310 0.92 
chair 30 439 390 611 0.87 
chair 65 183 360 368 0.58 
chair 479 124 633 186 0.52 
