chair 522 161 668 323 1.00 
chair 592 216 776 450 1.00 
chair 470 515 823 607 0.99 
chair 452 235 701 518 0.99 
chair 272 320 630 603 0.98 
chair 139 126 291 266 0.98 
table 0 390 447 607 0.97 
chair 41 151 198 245 0.97 
table 74 164 524 486 0.96 
chair 507 195 676 394 0.94 
table 11 153 398 378 0.94 
table 169 240 588 557 0.66 
chair 522 161 668 323 1.00 
chair 592 216 776 450 1.00 
chair 470 515 823 607 0.99 
chair 452 235 701 518 0.99 
chair 272 320 630 603 0.98 
chair 139 126 291 266 0.98 
table 0 390 447 607 0.97 
chair 41 151 198 245 0.97 
table 74 164 524 486 0.96 
chair 507 195 676 394 0.94 
table 11 153 398 378 0.94 
table 169 240 588 557 0.66 
