chair 446 281 820 608 1.00 
chair 271 82 450 260 1.00 
table 337 82 747 375 1.00 
chair 128 164 382 445 0.99 
chair 351 20 460 148 0.99 
chair 87 69 237 228 0.99 
chair 269 33 389 169 0.99 
chair 345 191 634 508 0.99 
chair 503 25 693 191 0.98 
chair 0 114 103 286 0.98 
chair 386 60 537 258 0.98 
chair 644 48 812 114 0.96 
chair 446 281 820 608 1.00 
chair 271 82 450 260 1.00 
table 337 82 747 375 1.00 
chair 128 164 382 445 0.99 
chair 351 20 460 148 0.99 
chair 87 69 237 228 0.99 
chair 269 33 389 169 0.99 
chair 345 191 634 508 0.99 
chair 503 25 693 191 0.98 
chair 0 114 103 286 0.98 
chair 386 60 537 258 0.98 
chair 644 48 812 114 0.96 
