chair 302 220 496 492 1.00 
chair 4 390 288 606 1.00 
chair 546 199 809 527 1.00 
chair 56 264 248 399 1.00 
chair 670 299 806 537 1.00 
chair 0 194 147 400 0.99 
chair 214 187 371 424 0.99 
table 406 176 653 439 0.99 
chair 160 169 310 393 0.98 
chair 251 201 430 445 0.76 
chair 302 220 496 492 1.00 
chair 4 390 288 606 1.00 
chair 546 199 809 527 1.00 
chair 56 264 248 399 1.00 
chair 670 299 806 537 1.00 
chair 0 194 147 400 0.99 
chair 214 187 371 424 0.99 
table 406 176 653 439 0.99 
chair 160 169 310 393 0.98 
chair 251 201 430 445 0.76 
