chair 557 101 642 232 1.00 
chair 435 110 526 236 1.00 
chair 244 113 333 229 1.00 
chair 337 108 415 227 1.00 
chair 164 279 409 610 1.00 
chair 135 230 337 434 0.99 
chair 68 158 218 343 0.98 
chair 206 174 386 353 0.97 
table 2 196 239 407 0.96 
chair 1 161 142 348 0.94 
chair 103 167 193 274 0.87 
chair 557 101 642 232 1.00 
chair 435 110 526 236 1.00 
chair 244 113 333 229 1.00 
chair 337 108 415 227 1.00 
chair 164 279 409 610 1.00 
chair 135 230 337 434 0.99 
chair 68 158 218 343 0.98 
chair 206 174 386 353 0.97 
table 2 196 239 407 0.96 
chair 1 161 142 348 0.94 
chair 103 167 193 274 0.87 
