chair 518 305 763 561 1.00 
chair 662 184 790 313 1.00 
chair 734 256 813 417 1.00 
chair 504 209 633 322 1.00 
chair 429 230 546 347 1.00 
chair 727 175 813 255 0.99 
chair 589 197 725 337 0.99 
chair 506 513 815 607 0.99 
chair 791 176 815 260 0.97 
table 660 442 815 608 0.90 
chair 518 305 763 561 1.00 
chair 662 184 790 313 1.00 
chair 734 256 813 417 1.00 
chair 504 209 633 322 1.00 
chair 429 230 546 347 1.00 
chair 727 175 813 255 0.99 
chair 589 197 725 337 0.99 
chair 506 513 815 607 0.99 
chair 791 176 815 260 0.97 
table 660 442 815 608 0.90 
