chair 289 276 385 371 0.99 
chair 1 322 251 566 0.99 
chair 298 283 426 396 0.99 
chair 345 351 569 542 0.99 
chair 23 272 220 429 0.98 
chair 302 302 454 438 0.98 
chair 78 232 221 344 0.98 
chair 319 323 495 475 0.98 
chair 279 258 344 356 0.97 
chair 397 409 709 604 0.97 
chair 5 478 315 601 0.91 
chair 483 516 766 610 0.81 
chair 289 276 385 371 0.99 
chair 1 322 251 566 0.99 
chair 298 283 426 396 0.99 
chair 345 351 569 542 0.99 
chair 23 272 220 429 0.98 
chair 302 302 454 438 0.98 
chair 78 232 221 344 0.98 
chair 319 323 495 475 0.98 
chair 279 258 344 356 0.97 
chair 397 409 709 604 0.97 
chair 5 478 315 601 0.91 
chair 483 516 766 610 0.81 
