chair 371 181 518 316 1.00 
chair 424 211 618 376 1.00 
chair 523 257 775 468 1.00 
chair 284 145 402 234 1.00 
chair 318 155 441 261 1.00 
chair 263 138 363 209 1.00 
chair 1 379 129 608 0.98 
chair 341 166 470 294 0.94 
chair 1 144 44 301 0.92 
chair 0 272 118 466 0.92 
chair 396 197 554 358 0.66 
chair 371 181 518 316 1.00 
chair 424 211 618 376 1.00 
chair 523 257 775 468 1.00 
chair 284 145 402 234 1.00 
chair 318 155 441 261 1.00 
chair 263 138 363 209 1.00 
chair 1 379 129 608 0.98 
chair 341 166 470 294 0.94 
chair 1 144 44 301 0.92 
chair 0 272 118 466 0.92 
chair 396 197 554 358 0.66 
