chair 342 302 504 369 1.00 
chair 21 396 270 566 1.00 
chair 422 313 602 410 1.00 
chair 244 292 394 417 1.00 
chair 561 331 794 438 1.00 
chair 729 276 813 378 0.99 
chair 638 264 731 352 0.98 
chair 96 431 393 609 0.98 
chair 0 355 131 550 0.98 
chair 787 291 813 382 0.97 
chair 717 346 813 541 0.89 
table 57 333 799 612 0.86 
chair 154 487 572 612 0.71 
chair 277 293 434 388 0.64 
chair 342 302 504 369 1.00 
chair 21 396 270 566 1.00 
chair 422 313 602 410 1.00 
chair 244 292 394 417 1.00 
chair 561 331 794 438 1.00 
chair 729 276 813 378 0.99 
chair 638 264 731 352 0.98 
chair 96 431 393 609 0.98 
chair 0 355 131 550 0.98 
chair 787 291 813 382 0.97 
chair 717 346 813 541 0.89 
table 57 333 799 612 0.86 
chair 154 487 572 612 0.71 
chair 277 293 434 388 0.64 
