chair 344 87 479 261 1.00 
chair 480 55 605 220 1.00 
chair 43 142 281 394 1.00 
chair 174 227 481 480 1.00 
chair 323 351 679 608 1.00 
chair 688 89 814 295 1.00 
table 520 116 814 288 0.99 
table 325 140 755 487 0.98 
table 438 286 816 609 0.97 
table 432 133 795 357 0.76 
table 235 162 584 497 0.62 
chair 264 304 612 549 0.60 
chair 344 87 479 261 1.00 
chair 480 55 605 220 1.00 
chair 43 142 281 394 1.00 
chair 174 227 481 480 1.00 
chair 323 351 679 608 1.00 
chair 688 89 814 295 1.00 
table 520 116 814 288 0.99 
table 325 140 755 487 0.98 
table 438 286 816 609 0.97 
table 432 133 795 357 0.76 
table 235 162 584 497 0.62 
chair 264 304 612 549 0.60 
