chair 527 199 630 256 1.00 
chair 434 206 534 271 1.00 
chair 361 263 492 379 1.00 
chair 700 173 814 230 1.00 
chair 608 187 721 244 1.00 
chair 487 250 618 357 1.00 
chair 25 251 152 323 0.99 
chair 706 226 813 317 0.99 
chair 600 240 734 340 0.99 
chair 331 214 433 285 0.97 
table 404 282 761 483 0.97 
table 374 335 792 606 0.93 
chair 0 311 131 425 0.91 
chair 641 236 773 326 0.52 
chair 568 161 635 198 0.52 
chair 527 199 630 256 1.00 
chair 434 206 534 271 1.00 
chair 361 263 492 379 1.00 
chair 700 173 814 230 1.00 
chair 608 187 721 244 1.00 
chair 487 250 618 357 1.00 
chair 25 251 152 323 0.99 
chair 706 226 813 317 0.99 
chair 600 240 734 340 0.99 
chair 331 214 433 285 0.97 
table 404 282 761 483 0.97 
table 374 335 792 606 0.93 
chair 0 311 131 425 0.91 
chair 641 236 773 326 0.52 
chair 568 161 635 198 0.52 
