chair 114 248 326 455 1.00 
chair 2 518 254 607 1.00 
chair 362 154 484 274 1.00 
chair 531 155 654 272 0.99 
chair 301 169 456 324 0.99 
chair 752 310 812 432 0.99 
chair 273 261 479 431 0.98 
chair 442 195 585 288 0.98 
chair 0 388 344 606 0.97 
chair 215 199 389 389 0.96 
sofa 0 245 143 396 0.94 
chair 371 229 517 347 0.94 
table 10 219 518 606 0.91 
chair 0 382 145 490 0.87 
chair 401 203 567 319 0.71 
chair 114 248 326 455 1.00 
chair 2 518 254 607 1.00 
chair 362 154 484 274 1.00 
chair 531 155 654 272 0.99 
chair 301 169 456 324 0.99 
chair 752 310 812 432 0.99 
chair 273 261 479 431 0.98 
chair 442 195 585 288 0.98 
chair 0 388 344 606 0.97 
chair 215 199 389 389 0.96 
sofa 0 245 143 396 0.94 
chair 371 229 517 347 0.94 
table 10 219 518 606 0.91 
chair 0 382 145 490 0.87 
chair 401 203 567 319 0.71 
