chair 151 266 334 488 1.00 
chair 613 260 715 403 1.00 
chair 505 272 645 397 1.00 
chair 175 308 500 597 1.00 
chair 525 397 818 602 1.00 
chair 372 275 590 476 0.99 
chair 332 251 482 344 0.99 
chair 4 276 175 585 0.99 
chair 65 321 386 601 0.84 
chair 561 259 683 403 0.78 
chair 505 252 600 359 0.63 
chair 151 266 334 488 1.00 
chair 613 260 715 403 1.00 
chair 505 272 645 397 1.00 
chair 175 308 500 597 1.00 
chair 525 397 818 602 1.00 
chair 372 275 590 476 0.99 
chair 332 251 482 344 0.99 
chair 4 276 175 585 0.99 
chair 65 321 386 601 0.84 
chair 561 259 683 403 0.78 
chair 505 252 600 359 0.63 
