chair 452 261 597 394 1.00 
chair 121 255 230 372 1.00 
chair 699 450 816 602 1.00 
chair 100 291 251 469 1.00 
chair 528 311 730 485 1.00 
chair 482 286 653 460 1.00 
chair 606 350 815 564 1.00 
chair 1 367 107 588 0.98 
chair 0 462 114 613 0.93 
chair 9 248 100 381 0.92 
desk 1 291 108 425 0.60 
chair 452 261 597 394 1.00 
chair 121 255 230 372 1.00 
chair 699 450 816 602 1.00 
chair 100 291 251 469 1.00 
chair 528 311 730 485 1.00 
chair 482 286 653 460 1.00 
chair 606 350 815 564 1.00 
chair 1 367 107 588 0.98 
chair 0 462 114 613 0.93 
chair 9 248 100 381 0.92 
desk 1 291 108 425 0.60 
