chair 591 331 813 613 1.00 
chair 400 219 520 330 1.00 
chair 467 151 590 255 1.00 
chair 631 233 809 338 1.00 
chair 639 131 796 232 0.99 
chair 566 139 686 235 0.99 
chair 457 239 686 537 0.99 
chair 643 192 801 242 0.98 
chair 369 196 464 263 0.96 
chair 749 137 814 275 0.88 
chair 500 208 649 255 0.84 
chair 476 202 576 252 0.75 
chair 523 181 678 251 0.70 
chair 565 211 680 250 0.70 
chair 496 232 657 327 0.57 
chair 591 331 813 613 1.00 
chair 400 219 520 330 1.00 
chair 467 151 590 255 1.00 
chair 631 233 809 338 1.00 
chair 639 131 796 232 0.99 
chair 566 139 686 235 0.99 
chair 457 239 686 537 0.99 
chair 643 192 801 242 0.98 
chair 369 196 464 263 0.96 
chair 749 137 814 275 0.88 
chair 500 208 649 255 0.84 
chair 476 202 576 252 0.75 
chair 523 181 678 251 0.70 
chair 565 211 680 250 0.70 
chair 496 232 657 327 0.57 
