chair 236 71 332 210 1.00 
chair 414 91 520 213 1.00 
chair 324 85 416 205 1.00 
chair 80 289 516 607 1.00 
chair 194 59 264 167 0.99 
chair 130 139 389 287 0.99 
chair 8 108 250 238 0.99 
chair 4 421 268 610 0.97 
table 2 178 379 613 0.95 
chair 186 114 367 252 0.51 
chair 236 71 332 210 1.00 
chair 414 91 520 213 1.00 
chair 324 85 416 205 1.00 
chair 80 289 516 607 1.00 
chair 194 59 264 167 0.99 
chair 130 139 389 287 0.99 
chair 8 108 250 238 0.99 
chair 4 421 268 610 0.97 
table 2 178 379 613 0.95 
chair 186 114 367 252 0.51 
