chair 674 145 815 350 1.00 
chair 259 174 566 578 1.00 
chair 574 128 723 283 1.00 
chair 109 133 224 297 1.00 
chair 383 123 528 284 1.00 
chair 152 165 336 380 0.99 
chair 314 122 431 255 0.99 
chair 301 273 802 597 0.99 
chair 459 146 678 357 0.99 
chair 123 134 288 259 0.97 
chair 608 136 771 318 0.58 
chair 674 145 815 350 1.00 
chair 259 174 566 578 1.00 
chair 574 128 723 283 1.00 
chair 109 133 224 297 1.00 
chair 383 123 528 284 1.00 
chair 152 165 336 380 0.99 
chair 314 122 431 255 0.99 
chair 301 273 802 597 0.99 
chair 459 146 678 357 0.99 
chair 123 134 288 259 0.97 
chair 608 136 771 318 0.58 
