chair 421 211 533 330 1.00 
chair 178 193 261 294 1.00 
chair 339 206 433 315 1.00 
chair 258 186 356 279 0.99 
chair 163 318 483 525 0.99 
chair 3 246 167 501 0.98 
chair 2 284 278 463 0.93 
table 0 311 517 607 0.90 
chair 0 246 55 467 0.83 
chair 72 295 352 530 0.50 
chair 421 211 533 330 1.00 
chair 178 193 261 294 1.00 
chair 339 206 433 315 1.00 
chair 258 186 356 279 0.99 
chair 163 318 483 525 0.99 
chair 3 246 167 501 0.98 
chair 2 284 278 463 0.93 
table 0 311 517 607 0.90 
chair 0 246 55 467 0.83 
chair 72 295 352 530 0.50 
