chair 673 456 814 574 1.00 
chair 54 498 278 608 1.00 
chair 285 451 429 508 1.00 
chair 269 489 478 609 1.00 
chair 487 478 677 601 1.00 
chair 564 417 709 484 1.00 
chair 139 459 278 519 1.00 
chair 435 415 586 550 0.97 
chair 461 438 631 569 0.78 
chair 673 456 814 574 1.00 
chair 54 498 278 608 1.00 
chair 285 451 429 508 1.00 
chair 269 489 478 609 1.00 
chair 487 478 677 601 1.00 
chair 564 417 709 484 1.00 
chair 139 459 278 519 1.00 
chair 435 415 586 550 0.97 
chair 461 438 631 569 0.78 
