chair 334 364 436 494 1.00 
chair 444 378 584 548 1.00 
chair 114 374 292 562 1.00 
chair 183 367 322 549 1.00 
chair 440 438 740 609 0.98 
table 0 406 700 609 0.97 
chair 26 402 187 494 0.88 
chair 478 407 659 502 0.81 
chair 38 399 238 571 0.79 
table 366 411 646 580 0.56 
chair 334 364 436 494 1.00 
chair 444 378 584 548 1.00 
chair 114 374 292 562 1.00 
chair 183 367 322 549 1.00 
chair 440 438 740 609 0.98 
table 0 406 700 609 0.97 
chair 26 402 187 494 0.88 
chair 478 407 659 502 0.81 
chair 38 399 238 571 0.79 
table 366 411 646 580 0.56 
