chair 150 364 321 563 1.00 
chair 417 430 651 603 1.00 
chair 499 402 659 582 1.00 
chair 1 393 171 508 0.99 
chair 0 467 223 609 0.99 
chair 245 370 365 540 0.99 
chair 46 377 247 562 0.98 
chair 580 405 660 592 0.97 
table 0 417 641 604 0.94 
table 67 392 468 578 0.57 
chair 150 364 321 563 1.00 
chair 417 430 651 603 1.00 
chair 499 402 659 582 1.00 
chair 1 393 171 508 0.99 
chair 0 467 223 609 0.99 
chair 245 370 365 540 0.99 
chair 46 377 247 562 0.98 
chair 580 405 660 592 0.97 
table 0 417 641 604 0.94 
table 67 392 468 578 0.57 
