chair 436 336 534 443 1.00 
chair 458 480 701 605 0.99 
chair 368 341 493 474 0.99 
chair 2 495 84 607 0.99 
chair 0 357 251 600 0.99 
chair 574 407 701 528 0.99 
chair 98 343 355 597 0.98 
chair 514 442 692 582 0.97 
chair 216 348 403 610 0.87 
chair 292 336 450 529 0.81 
chair 615 392 735 526 0.57 
chair 577 400 772 588 0.51 
chair 436 336 534 443 1.00 
chair 458 480 701 605 0.99 
chair 368 341 493 474 0.99 
chair 2 495 84 607 0.99 
chair 0 357 251 600 0.99 
chair 574 407 701 528 0.99 
chair 98 343 355 597 0.98 
chair 514 442 692 582 0.97 
chair 216 348 403 610 0.87 
chair 292 336 450 529 0.81 
chair 615 392 735 526 0.57 
chair 577 400 772 588 0.51 
