chair 124 171 425 600 1.00 
chair 420 169 716 527 1.00 
chair 461 152 583 335 1.00 
chair 250 169 420 432 0.99 
chair 580 180 812 445 0.99 
chair 415 161 549 369 0.99 
chair 546 164 691 306 0.91 
chair 691 174 816 404 0.90 
table 223 202 779 480 0.87 
chair 339 174 535 423 0.73 
chair 124 171 425 600 1.00 
chair 420 169 716 527 1.00 
chair 461 152 583 335 1.00 
chair 250 169 420 432 0.99 
chair 580 180 812 445 0.99 
chair 415 161 549 369 0.99 
chair 546 164 691 306 0.91 
chair 691 174 816 404 0.90 
table 223 202 779 480 0.87 
chair 339 174 535 423 0.73 
