chair 632 58 763 230 1.00 
chair 204 219 474 573 1.00 
chair 284 142 488 437 1.00 
chair 0 235 241 603 1.00 
chair 92 139 316 444 1.00 
chair 540 89 685 296 0.99 
chair 516 360 818 605 0.98 
table 634 448 814 606 0.96 
chair 656 109 814 306 0.96 
table 92 155 444 520 0.83 
table 521 91 810 297 0.83 
chair 632 58 763 230 1.00 
chair 204 219 474 573 1.00 
chair 284 142 488 437 1.00 
chair 0 235 241 603 1.00 
chair 92 139 316 444 1.00 
chair 540 89 685 296 0.99 
chair 516 360 818 605 0.98 
table 634 448 814 606 0.96 
chair 656 109 814 306 0.96 
table 92 155 444 520 0.83 
table 521 91 810 297 0.83 
