chair 382 13 596 277 1.00 
chair 79 134 388 471 1.00 
chair 159 1 307 121 1.00 
chair 341 112 636 492 1.00 
chair 216 33 451 344 0.99 
table 136 65 626 515 0.99 
chair 3 260 148 614 0.98 
table 70 0 344 151 0.97 
chair 293 22 517 317 0.80 
table 114 16 408 204 0.54 
chair 382 13 596 277 1.00 
chair 79 134 388 471 1.00 
chair 159 1 307 121 1.00 
chair 341 112 636 492 1.00 
chair 216 33 451 344 0.99 
table 136 65 626 515 0.99 
chair 3 260 148 614 0.98 
table 70 0 344 151 0.97 
chair 293 22 517 317 0.80 
table 114 16 408 204 0.54 
