chair 504 52 642 155 1.00 
chair 385 139 704 506 1.00 
chair 384 61 576 240 0.99 
chair 225 104 413 235 0.99 
chair 104 213 473 552 0.99 
chair 35 97 202 273 0.98 
chair 283 44 413 186 0.98 
chair 178 91 344 226 0.97 
table 417 73 708 260 0.95 
chair 74 140 299 285 0.95 
table 42 178 726 556 0.94 
chair 634 81 815 333 0.93 
table 41 112 468 288 0.78 
chair 318 71 500 221 0.77 
table 564 105 795 427 0.60 
chair 504 52 642 155 1.00 
chair 385 139 704 506 1.00 
chair 384 61 576 240 0.99 
chair 225 104 413 235 0.99 
chair 104 213 473 552 0.99 
chair 35 97 202 273 0.98 
chair 283 44 413 186 0.98 
chair 178 91 344 226 0.97 
table 417 73 708 260 0.95 
chair 74 140 299 285 0.95 
table 42 178 726 556 0.94 
chair 634 81 815 333 0.93 
table 41 112 468 288 0.78 
chair 318 71 500 221 0.77 
table 564 105 795 427 0.60 
