chair 462 197 765 518 1.00 
chair 155 126 291 267 1.00 
chair 343 111 447 237 0.99 
chair 6 153 151 363 0.99 
chair 282 238 628 600 0.99 
chair 114 192 338 447 0.99 
chair 522 119 658 240 0.98 
chair 292 156 494 353 0.98 
table 67 187 511 483 0.96 
chair 574 117 683 227 0.95 
table 514 128 762 298 0.89 
chair 754 134 813 307 0.86 
chair 674 166 815 440 0.70 
chair 462 197 765 518 1.00 
chair 155 126 291 267 1.00 
chair 343 111 447 237 0.99 
chair 6 153 151 363 0.99 
chair 282 238 628 600 0.99 
chair 114 192 338 447 0.99 
chair 522 119 658 240 0.98 
chair 292 156 494 353 0.98 
table 67 187 511 483 0.96 
chair 574 117 683 227 0.95 
table 514 128 762 298 0.89 
chair 754 134 813 307 0.86 
chair 674 166 815 440 0.70 
