chair 310 94 475 315 1.00 
chair 109 103 228 216 1.00 
chair 15 179 261 486 1.00 
chair 219 83 366 245 0.99 
table 269 126 668 347 0.99 
chair 482 89 670 336 0.99 
table 100 104 332 220 0.98 
chair 394 53 504 189 0.97 
chair 651 53 806 277 0.97 
chair 496 42 625 137 0.94 
chair 310 94 475 315 1.00 
chair 109 103 228 216 1.00 
chair 15 179 261 486 1.00 
chair 219 83 366 245 0.99 
table 269 126 668 347 0.99 
chair 482 89 670 336 0.99 
table 100 104 332 220 0.98 
chair 394 53 504 189 0.97 
chair 651 53 806 277 0.97 
chair 496 42 625 137 0.94 
