chair 194 103 338 265 1.00 
chair 59 142 174 257 1.00 
chair 45 101 177 227 0.99 
chair 293 160 459 294 0.98 
chair 215 172 489 597 0.98 
chair 110 195 284 510 0.98 
chair 0 124 48 236 0.97 
table 78 162 453 517 0.90 
table 1 265 215 567 0.87 
table 42 147 231 382 0.76 
chair 194 103 338 265 1.00 
chair 59 142 174 257 1.00 
chair 45 101 177 227 0.99 
chair 293 160 459 294 0.98 
chair 215 172 489 597 0.98 
chair 110 195 284 510 0.98 
chair 0 124 48 236 0.97 
table 78 162 453 517 0.90 
table 1 265 215 567 0.87 
table 42 147 231 382 0.76 
