chair 8 79 119 220 1.00 
chair 465 129 690 363 1.00 
chair 347 95 517 271 1.00 
chair 231 68 352 192 1.00 
chair 178 180 392 405 0.99 
chair 240 211 538 559 0.99 
chair 263 80 412 215 0.99 
chair 422 290 812 605 0.99 
table 88 109 815 600 0.99 
chair 134 148 295 356 0.98 
chair 102 110 235 245 0.98 
chair 684 182 811 544 0.82 
chair 466 214 763 517 0.76 
chair 116 143 274 273 0.73 
table 191 125 767 412 0.58 
chair 11 76 120 219 1.00 
chair 339 97 511 273 0.99 
chair 412 285 806 602 0.99 
table 111 109 832 604 0.99 
chair 110 109 236 258 0.98 
chair 242 222 533 544 0.97 
chair 220 65 342 199 0.97 
chair 467 135 702 344 0.96 
chair 123 142 267 329 0.96 
chair 159 163 347 402 0.93 
chair 265 70 403 212 0.89 
chair 197 202 449 481 0.52 
chair 8 79 119 220 1.00 
chair 465 129 690 363 1.00 
chair 347 95 517 271 1.00 
chair 231 68 352 192 1.00 
chair 178 180 392 405 0.99 
chair 240 211 538 559 0.99 
chair 263 80 412 215 0.99 
chair 422 290 812 605 0.99 
table 88 109 815 600 0.99 
chair 134 148 295 356 0.98 
chair 102 110 235 245 0.98 
chair 684 182 811 544 0.82 
chair 466 214 763 517 0.76 
chair 116 143 274 273 0.73 
table 191 125 767 412 0.58 
