chair 154 151 244 250 1.00 
chair 309 183 432 264 1.00 
chair 468 232 750 608 1.00 
chair 458 185 645 474 1.00 
chair 52 181 173 319 1.00 
chair 415 157 506 242 1.00 
chair 46 313 430 594 0.99 
table 35 221 628 613 0.99 
chair 264 155 363 231 0.99 
chair 4 272 283 585 0.94 
chair 154 151 244 250 1.00 
chair 309 183 432 264 1.00 
chair 468 232 750 608 1.00 
chair 458 185 645 474 1.00 
chair 52 181 173 319 1.00 
chair 415 157 506 242 1.00 
chair 46 313 430 594 0.99 
table 35 221 628 613 0.99 
chair 264 155 363 231 0.99 
chair 4 272 283 585 0.94 
