chair 45 348 518 605 1.00 
chair 273 133 355 273 1.00 
chair 229 123 537 518 1.00 
chair 165 144 347 405 0.99 
chair 267 16 388 207 0.96 
desk 592 359 815 608 0.94 
desk 453 171 818 610 0.91 
desk 337 65 513 287 0.88 
chair 192 124 426 461 0.68 
chair 277 100 385 195 0.62 
chair 45 348 518 605 1.00 
chair 273 133 355 273 1.00 
chair 229 123 537 518 1.00 
chair 165 144 347 405 0.99 
chair 267 16 388 207 0.96 
desk 592 359 815 608 0.94 
desk 453 171 818 610 0.91 
desk 337 65 513 287 0.88 
chair 192 124 426 461 0.68 
chair 277 100 385 195 0.62 
