chair 151 120 293 272 1.00 
chair 324 179 516 450 1.00 
chair 434 140 573 329 1.00 
chair 197 216 469 566 1.00 
chair 1 153 157 357 0.99 
chair 58 140 228 307 0.99 
chair 0 370 283 609 0.98 
chair 388 155 541 380 0.96 
chair 30 252 396 604 0.94 
desk 714 151 778 352 0.70 
chair 4 187 100 429 0.57 
chair 151 120 293 272 1.00 
chair 324 179 516 450 1.00 
chair 434 140 573 329 1.00 
chair 197 216 469 566 1.00 
chair 1 153 157 357 0.99 
chair 58 140 228 307 0.99 
chair 0 370 283 609 0.98 
chair 388 155 541 380 0.96 
chair 30 252 396 604 0.94 
desk 714 151 778 352 0.70 
chair 4 187 100 429 0.57 
