chair 294 66 435 277 0.99 
chair 590 34 676 112 0.98 
chair 162 106 388 431 0.98 
chair 585 51 697 190 0.97 
chair 233 84 410 333 0.97 
desk 409 71 778 608 0.97 
chair 352 46 462 165 0.97 
chair 1 156 283 602 0.95 
chair 535 174 788 400 0.92 
chair 586 101 746 256 0.91 
chair 571 128 764 332 0.78 
chair 3 288 138 602 0.75 
chair 502 112 753 487 0.63 
table 1 117 127 269 0.57 
chair 294 66 435 277 0.99 
chair 590 34 676 112 0.98 
chair 162 106 388 431 0.98 
chair 585 51 697 190 0.97 
chair 233 84 410 333 0.97 
desk 409 71 778 608 0.97 
chair 352 46 462 165 0.97 
chair 1 156 283 602 0.95 
chair 535 174 788 400 0.92 
chair 586 101 746 256 0.91 
chair 571 128 764 332 0.78 
chair 3 288 138 602 0.75 
chair 502 112 753 487 0.63 
table 1 117 127 269 0.57 
