chair 152 201 356 317 1.00 
chair 340 203 605 337 0.99 
chair 138 295 468 605 0.99 
chair 0 292 199 589 0.99 
chair 265 327 679 608 0.99 
chair 49 189 293 398 0.99 
chair 410 103 620 320 0.97 
chair 646 349 779 611 0.96 
chair 29 289 362 599 0.95 
chair 557 104 757 327 0.93 
chair 511 194 775 563 0.93 
chair 197 197 474 482 0.93 
chair 3 278 117 492 0.92 
chair 218 206 457 324 0.91 
chair 635 83 782 314 0.84 
chair 75 211 351 494 0.66 
chair 567 304 767 596 0.56 
chair 512 186 778 351 0.55 
chair 152 201 356 317 1.00 
chair 340 203 605 337 0.99 
chair 138 295 468 605 0.99 
chair 0 292 199 589 0.99 
chair 265 327 679 608 0.99 
chair 49 189 293 398 0.99 
chair 410 103 620 320 0.97 
chair 646 349 779 611 0.96 
chair 29 289 362 599 0.95 
chair 557 104 757 327 0.93 
chair 511 194 775 563 0.93 
chair 197 197 474 482 0.93 
chair 3 278 117 492 0.92 
chair 218 206 457 324 0.91 
chair 635 83 782 314 0.84 
chair 75 211 351 494 0.66 
chair 567 304 767 596 0.56 
chair 512 186 778 351 0.55 
