chair 189 137 397 327 1.00 
chair 309 120 496 294 1.00 
chair 572 93 687 212 1.00 
chair 38 144 288 371 1.00 
chair 347 234 704 605 1.00 
chair 68 302 535 608 1.00 
chair 504 105 629 234 1.00 
chair 3 161 127 496 1.00 
chair 421 111 577 253 1.00 
chair 483 204 765 555 0.99 
chair 643 184 777 468 0.99 
chair 704 161 779 388 0.69 
chair 189 137 397 327 1.00 
chair 309 120 496 294 1.00 
chair 572 93 687 212 1.00 
chair 38 144 288 371 1.00 
chair 347 234 704 605 1.00 
chair 68 302 535 608 1.00 
chair 504 105 629 234 1.00 
chair 3 161 127 496 1.00 
chair 421 111 577 253 1.00 
chair 483 204 765 555 0.99 
chair 643 184 777 468 0.99 
chair 704 161 779 388 0.69 
