chair 245 126 388 322 1.00 
chair 334 150 482 392 1.00 
chair 172 112 299 229 0.99 
chair 292 137 436 359 0.99 
chair 604 127 769 256 0.99 
chair 399 167 601 420 0.99 
chair 458 100 638 281 0.98 
chair 73 265 404 599 0.97 
chair 503 180 762 576 0.94 
chair 26 206 255 607 0.93 
chair 0 162 130 412 0.93 
desk 185 153 788 591 0.93 
chair 174 330 672 609 0.90 
chair 712 199 780 397 0.88 
chair 643 299 779 599 0.88 
chair 8 190 195 478 0.79 
chair 17 159 155 320 0.73 
chair 544 121 677 236 0.64 
chair 423 133 676 348 0.57 
chair 245 126 388 322 1.00 
chair 334 150 482 392 1.00 
chair 172 112 299 229 0.99 
chair 292 137 436 359 0.99 
chair 604 127 769 256 0.99 
chair 399 167 601 420 0.99 
chair 458 100 638 281 0.98 
chair 73 265 404 599 0.97 
chair 503 180 762 576 0.94 
chair 26 206 255 607 0.93 
chair 0 162 130 412 0.93 
desk 185 153 788 591 0.93 
chair 174 330 672 609 0.90 
chair 712 199 780 397 0.88 
chair 643 299 779 599 0.88 
chair 8 190 195 478 0.79 
chair 17 159 155 320 0.73 
chair 544 121 677 236 0.64 
chair 423 133 676 348 0.57 
