chair 350 295 566 518 1.00 
chair 571 123 655 260 1.00 
chair 249 245 440 489 1.00 
chair 467 493 784 605 0.99 
chair 147 147 256 261 0.99 
chair 185 212 317 409 0.99 
chair 158 174 282 328 0.98 
desk 121 135 747 509 0.97 
table 473 140 629 257 0.97 
chair 257 210 589 503 0.58 
chair 350 295 566 518 1.00 
chair 571 123 655 260 1.00 
chair 249 245 440 489 1.00 
chair 467 493 784 605 0.99 
chair 147 147 256 261 0.99 
chair 185 212 317 409 0.99 
chair 158 174 282 328 0.98 
desk 121 135 747 509 0.97 
table 473 140 629 257 0.97 
chair 257 210 589 503 0.58 
