chair 357 18 488 157 1.00 
chair 553 43 711 137 1.00 
chair 0 132 187 401 1.00 
chair 2 242 267 605 1.00 
chair 616 47 778 359 0.99 
chair 674 17 779 135 0.99 
table 116 63 776 606 0.98 
chair 11 59 181 197 0.97 
chair 428 30 563 111 0.97 
chair 603 29 745 134 0.92 
chair 0 89 178 285 0.86 
chair 357 18 488 157 1.00 
chair 553 43 711 137 1.00 
chair 0 132 187 401 1.00 
chair 2 242 267 605 1.00 
chair 616 47 778 359 0.99 
chair 674 17 779 135 0.99 
table 116 63 776 606 0.98 
chair 11 59 181 197 0.97 
chair 428 30 563 111 0.97 
chair 603 29 745 134 0.92 
chair 0 89 178 285 0.86 
