chair 395 102 564 193 1.00 
chair 81 131 274 358 1.00 
chair 501 116 680 202 1.00 
chair 303 94 459 170 1.00 
chair 158 146 370 401 1.00 
chair 267 170 519 455 1.00 
chair 410 189 698 530 0.99 
chair 20 116 188 325 0.99 
chair 654 129 781 313 0.99 
chair 631 230 778 590 0.99 
chair 333 176 627 470 0.90 
chair 395 102 564 193 1.00 
chair 81 131 274 358 1.00 
chair 501 116 680 202 1.00 
chair 303 94 459 170 1.00 
chair 158 146 370 401 1.00 
chair 267 170 519 455 1.00 
chair 410 189 698 530 0.99 
chair 20 116 188 325 0.99 
chair 654 129 781 313 0.99 
chair 631 230 778 590 0.99 
chair 333 176 627 470 0.90 
