chair 152 71 319 250 1.00 
chair 0 91 213 341 1.00 
chair 281 69 440 136 0.99 
chair 516 139 737 410 0.99 
chair 369 61 540 204 0.99 
chair 166 302 582 603 0.98 
chair 655 129 781 339 0.98 
chair 381 192 680 555 0.97 
table 1 99 775 412 0.89 
chair 316 66 482 159 0.56 
chair 152 71 319 250 1.00 
chair 0 91 213 341 1.00 
chair 281 69 440 136 0.99 
chair 516 139 737 410 0.99 
chair 369 61 540 204 0.99 
chair 166 302 582 603 0.98 
chair 655 129 781 339 0.98 
chair 381 192 680 555 0.97 
table 1 99 775 412 0.89 
chair 316 66 482 159 0.56 
