chair 209 69 346 195 1.00 
chair 489 53 644 223 1.00 
chair 551 63 774 328 1.00 
chair 86 155 340 567 1.00 
chair 515 64 703 262 0.99 
chair 708 276 779 488 0.98 
table 3 75 217 452 0.97 
chair 193 85 372 350 0.96 
chair 7 189 278 610 0.95 
chair 633 150 777 402 0.89 
chair 209 69 346 195 1.00 
chair 489 53 644 223 1.00 
chair 551 63 774 328 1.00 
chair 86 155 340 567 1.00 
chair 515 64 703 262 0.99 
chair 708 276 779 488 0.98 
table 3 75 217 452 0.97 
chair 193 85 372 350 0.96 
chair 7 189 278 610 0.95 
chair 633 150 777 402 0.89 
