chair 31 166 229 433 1.00 
chair 321 111 513 397 1.00 
chair 284 88 403 157 0.98 
chair 572 91 758 272 0.98 
chair 490 238 781 606 0.96 
chair 363 139 587 441 0.95 
table 124 163 364 506 0.95 
chair 299 99 467 236 0.92 
table 285 115 781 599 0.91 
table 472 112 765 353 0.51 
chair 31 166 229 433 1.00 
chair 321 111 513 397 1.00 
chair 284 88 403 157 0.98 
chair 572 91 758 272 0.98 
chair 490 238 781 606 0.96 
chair 363 139 587 441 0.95 
table 124 163 364 506 0.95 
chair 299 99 467 236 0.92 
table 285 115 781 599 0.91 
table 472 112 765 353 0.51 
