chair 165 212 354 461 1.00 
chair 430 135 566 264 1.00 
chair 15 156 187 358 1.00 
chair 244 142 391 286 1.00 
chair 194 347 597 601 1.00 
chair 698 177 781 295 1.00 
chair 296 224 527 499 0.99 
table 310 286 776 606 0.99 
chair 593 135 772 293 0.99 
chair 531 133 663 251 0.97 
table 421 125 677 249 0.97 
table 23 173 371 436 0.97 
chair 0 199 165 428 0.92 
chair 210 177 381 377 0.81 
chair 165 212 354 461 1.00 
chair 430 135 566 264 1.00 
chair 15 156 187 358 1.00 
chair 244 142 391 286 1.00 
chair 194 347 597 601 1.00 
chair 698 177 781 295 1.00 
chair 296 224 527 499 0.99 
table 310 286 776 606 0.99 
chair 593 135 772 293 0.99 
chair 531 133 663 251 0.97 
table 421 125 677 249 0.97 
table 23 173 371 436 0.97 
chair 0 199 165 428 0.92 
chair 210 177 381 377 0.81 
