chair 115 294 436 603 1.00 
chair 513 122 645 216 1.00 
chair 80 124 208 257 1.00 
chair 6 166 157 373 1.00 
chair 579 128 717 245 0.99 
table 241 156 780 610 0.99 
chair 222 108 330 209 0.99 
chair 627 134 779 277 0.97 
chair 102 195 302 496 0.96 
chair 275 135 396 340 0.95 
chair 704 150 778 367 0.84 
table 23 115 371 259 0.77 
chair 324 101 406 149 0.72 
chair 115 294 436 603 1.00 
chair 513 122 645 216 1.00 
chair 80 124 208 257 1.00 
chair 6 166 157 373 1.00 
chair 579 128 717 245 0.99 
table 241 156 780 610 0.99 
chair 222 108 330 209 0.99 
chair 627 134 779 277 0.97 
chair 102 195 302 496 0.96 
chair 275 135 396 340 0.95 
chair 704 150 778 367 0.84 
table 23 115 371 259 0.77 
chair 324 101 406 149 0.72 
