chair 485 78 576 172 1.00 
chair 10 246 258 601 1.00 
chair 270 118 396 223 1.00 
chair 244 188 447 489 1.00 
chair 95 93 245 257 1.00 
chair 383 104 475 265 0.99 
chair 428 161 611 397 0.99 
chair 544 73 635 164 0.98 
chair 717 199 777 270 0.96 
chair 559 116 733 332 0.96 
desk 90 255 798 606 0.92 
desk 9 66 706 321 0.91 
chair 235 76 377 224 0.88 
chair 7 129 107 397 0.81 
chair 606 99 773 304 0.81 
chair 583 392 779 610 0.63 
chair 485 78 576 172 1.00 
chair 10 246 258 601 1.00 
chair 270 118 396 223 1.00 
chair 244 188 447 489 1.00 
chair 95 93 245 257 1.00 
chair 383 104 475 265 0.99 
chair 428 161 611 397 0.99 
chair 544 73 635 164 0.98 
chair 717 199 777 270 0.96 
chair 559 116 733 332 0.96 
desk 90 255 798 606 0.92 
desk 9 66 706 321 0.91 
chair 235 76 377 224 0.88 
chair 7 129 107 397 0.81 
chair 606 99 773 304 0.81 
chair 583 392 779 610 0.63 
