chair 98 56 222 212 1.00 
chair 212 67 350 277 0.99 
chair 296 159 502 476 0.99 
chair 336 61 456 213 0.99 
chair 682 60 782 192 0.99 
chair 233 57 347 197 0.99 
chair 611 106 773 317 0.99 
chair 475 105 603 310 0.98 
chair 587 60 699 224 0.98 
desk 118 117 799 494 0.98 
chair 514 295 777 533 0.96 
desk 99 71 530 278 0.96 
chair 463 55 607 240 0.84 
desk 86 86 777 331 0.83 
desk 264 252 788 595 0.75 
chair 720 103 777 287 0.60 
desk 372 87 753 262 0.52 
chair 483 142 647 383 0.51 
chair 310 89 479 292 0.50 
chair 98 56 222 212 1.00 
chair 212 67 350 277 0.99 
chair 296 159 502 476 0.99 
chair 336 61 456 213 0.99 
chair 682 60 782 192 0.99 
chair 233 57 347 197 0.99 
chair 611 106 773 317 0.99 
chair 475 105 603 310 0.98 
chair 587 60 699 224 0.98 
desk 118 117 799 494 0.98 
chair 514 295 777 533 0.96 
desk 99 71 530 278 0.96 
chair 463 55 607 240 0.84 
desk 86 86 777 331 0.83 
desk 264 252 788 595 0.75 
chair 720 103 777 287 0.60 
desk 372 87 753 262 0.52 
chair 483 142 647 383 0.51 
chair 310 89 479 292 0.50 
