chair 603 83 778 335 1.00 
chair 383 79 592 292 1.00 
chair 238 170 574 592 1.00 
chair 85 46 222 129 1.00 
chair 224 55 377 141 1.00 
chair 106 130 297 473 1.00 
bookshelf 493 2 782 184 0.99 
chair 2 92 186 406 0.99 
table 10 40 777 547 0.98 
chair 58 111 248 412 0.87 
chair 603 83 778 335 1.00 
chair 383 79 592 292 1.00 
chair 238 170 574 592 1.00 
chair 85 46 222 129 1.00 
chair 224 55 377 141 1.00 
chair 106 130 297 473 1.00 
bookshelf 493 2 782 184 0.99 
chair 2 92 186 406 0.99 
table 10 40 777 547 0.98 
chair 58 111 248 412 0.87 
