chair 223 29 430 226 1.00 
chair 4 148 291 486 1.00 
chair 16 12 173 88 1.00 
chair 373 74 577 244 1.00 
table 7 58 780 547 1.00 
chair 297 253 766 608 1.00 
chair 0 96 198 346 0.99 
chair 651 94 779 379 0.99 
chair 0 17 52 172 0.99 
chair 50 14 279 213 0.99 
chair 178 130 535 474 0.98 
chair 292 58 509 229 0.76 
chair 19 18 205 150 0.52 
chair 7 132 266 454 1.00 
chair 301 264 761 605 0.99 
chair 219 33 428 227 0.99 
chair 385 71 573 246 0.98 
chair 10 9 171 89 0.97 
chair 191 152 523 487 0.96 
chair 0 94 201 368 0.92 
table 26 61 785 551 0.91 
chair 0 17 47 156 0.89 
chair 38 21 274 196 0.88 
chair 642 82 777 378 0.84 
chair 247 180 634 570 0.54 
chair 223 29 430 226 1.00 
chair 4 148 291 486 1.00 
chair 16 12 173 88 1.00 
chair 373 74 577 244 1.00 
table 7 58 780 547 1.00 
chair 297 253 766 608 1.00 
chair 0 96 198 346 0.99 
chair 651 94 779 379 0.99 
chair 0 17 52 172 0.99 
chair 50 14 279 213 0.99 
chair 178 130 535 474 0.98 
chair 292 58 509 229 0.76 
chair 19 18 205 150 0.52 
