chair 323 132 537 392 1.00 
chair 153 275 704 608 1.00 
chair 31 119 242 308 1.00 
chair 186 143 372 289 1.00 
chair 4 324 216 612 1.00 
table 558 124 786 324 1.00 
chair 192 63 343 243 0.99 
chair 97 135 307 303 0.89 
chair 80 81 260 269 0.74 
chair 1 191 77 497 0.59 
chair 323 132 537 392 1.00 
chair 153 275 704 608 1.00 
chair 31 119 242 308 1.00 
chair 186 143 372 289 1.00 
chair 4 324 216 612 1.00 
table 558 124 786 324 1.00 
chair 192 63 343 243 0.99 
chair 97 135 307 303 0.89 
chair 80 81 260 269 0.74 
chair 1 191 77 497 0.59 
