chair 469 88 590 262 1.00 
chair 240 154 431 409 0.99 
chair 568 220 780 563 0.99 
chair 579 168 780 377 0.98 
chair 8 220 457 606 0.97 
chair 287 122 456 324 0.95 
table 0 71 462 473 0.93 
chair 256 143 422 398 0.99 
chair 578 163 771 358 0.97 
chair 37 241 459 604 0.97 
chair 475 92 586 261 0.93 
chair 575 208 778 505 0.92 
table 3 67 448 440 0.75 
chair 469 88 590 262 1.00 
chair 240 154 431 409 0.99 
chair 568 220 780 563 0.99 
chair 579 168 780 377 0.98 
chair 8 220 457 606 0.97 
chair 287 122 456 324 0.95 
table 0 71 462 473 0.93 
