chair 433 0 647 273 1.00 
chair 309 0 500 223 1.00 
chair 237 0 382 125 1.00 
chair 0 1 145 256 0.99 
chair 228 138 658 607 0.99 
chair 601 30 781 361 0.99 
chair 28 46 345 434 0.99 
chair 6 16 252 345 0.96 
chair 377 4 591 228 0.92 
chair 595 241 774 624 0.75 
chair 152 91 537 540 0.74 
chair 251 10 443 196 0.51 
chair 433 0 647 273 1.00 
chair 309 0 500 223 1.00 
chair 237 0 382 125 1.00 
chair 0 1 145 256 0.99 
chair 228 138 658 607 0.99 
chair 601 30 781 361 0.99 
chair 28 46 345 434 0.99 
chair 6 16 252 345 0.96 
chair 377 4 591 228 0.92 
chair 595 241 774 624 0.75 
chair 152 91 537 540 0.74 
chair 251 10 443 196 0.51 
