chair 251 168 490 565 1.00 
chair 129 120 309 419 1.00 
chair 245 54 332 223 0.99 
chair 610 124 779 406 0.97 
table 397 74 800 416 0.95 
chair 455 81 579 283 0.95 
chair 0 288 117 613 0.94 
table 0 96 335 594 0.94 
chair 528 97 721 341 0.92 
chair 110 109 269 192 0.76 
chair 559 60 666 184 0.62 
chair 476 89 643 310 0.60 
chair 251 168 490 565 1.00 
chair 129 120 309 419 1.00 
chair 245 54 332 223 0.99 
chair 610 124 779 406 0.97 
table 397 74 800 416 0.95 
chair 455 81 579 283 0.95 
chair 0 288 117 613 0.94 
table 0 96 335 594 0.94 
chair 528 97 721 341 0.92 
chair 110 109 269 192 0.76 
chair 559 60 666 184 0.62 
chair 476 89 643 310 0.60 
