chair 108 101 356 407 1.00 
chair 419 84 631 400 1.00 
chair 3 134 199 535 1.00 
chair 188 188 507 591 1.00 
chair 230 68 416 285 0.99 
chair 571 157 780 609 0.99 
table 2 87 615 605 0.99 
chair 341 110 580 483 0.99 
chair 676 144 778 520 0.96 
chair 47 117 281 477 0.66 
table 92 114 443 529 0.50 
chair 108 101 356 407 1.00 
chair 419 84 631 400 1.00 
chair 3 134 199 535 1.00 
chair 188 188 507 591 1.00 
chair 230 68 416 285 0.99 
chair 571 157 780 609 0.99 
table 2 87 615 605 0.99 
chair 341 110 580 483 0.99 
chair 676 144 778 520 0.96 
chair 47 117 281 477 0.66 
table 92 114 443 529 0.50 
