chair 408 125 558 320 1.00 
chair 124 137 357 488 1.00 
chair 302 181 616 610 1.00 
chair 620 71 719 143 1.00 
chair 505 138 741 513 1.00 
chair 516 94 647 196 0.99 
table 17 138 726 602 0.99 
chair 667 107 778 327 0.99 
chair 274 115 416 379 0.99 
table 318 65 773 311 0.96 
chair 451 105 733 380 0.60 
chair 408 125 558 320 1.00 
chair 124 137 357 488 1.00 
chair 302 181 616 610 1.00 
chair 620 71 719 143 1.00 
chair 505 138 741 513 1.00 
chair 516 94 647 196 0.99 
table 17 138 726 602 0.99 
chair 667 107 778 327 0.99 
chair 274 115 416 379 0.99 
table 318 65 773 311 0.96 
chair 451 105 733 380 0.60 
