chair 576 75 649 205 1.00 
chair 507 133 702 354 1.00 
chair 571 158 822 424 1.00 
chair 654 93 785 245 1.00 
chair 174 109 270 264 1.00 
chair 612 84 706 228 1.00 
chair 195 211 430 571 0.99 
chair 721 106 835 286 0.99 
chair 473 113 615 294 0.99 
chair 209 174 383 418 0.99 
chair 427 101 547 255 0.99 
chair 189 149 339 341 0.98 
chair 412 90 510 220 0.98 
table 103 36 855 586 0.95 
chair 392 80 483 197 0.72 
chair 576 75 649 205 1.00 
chair 507 133 702 354 1.00 
chair 571 158 822 424 1.00 
chair 654 93 785 245 1.00 
chair 174 109 270 264 1.00 
chair 612 84 706 228 1.00 
chair 195 211 430 571 0.99 
chair 721 106 835 286 0.99 
chair 473 113 615 294 0.99 
chair 209 174 383 418 0.99 
chair 427 101 547 255 0.99 
chair 189 149 339 341 0.98 
chair 412 90 510 220 0.98 
table 103 36 855 586 0.95 
chair 392 80 483 197 0.72 
