chair 515 142 606 253 1.00 
chair 164 241 351 442 1.00 
chair 584 154 692 224 1.00 
chair 0 131 69 283 1.00 
chair 133 92 243 198 1.00 
chair 378 116 450 225 1.00 
chair 46 201 177 279 1.00 
table 71 131 792 464 0.99 
chair 608 270 752 437 0.99 
chair 216 102 307 161 0.99 
chair 10 221 198 424 0.99 
chair 427 126 503 187 0.99 
chair 316 101 362 155 0.93 
chair 410 247 625 480 0.93 
chair 651 251 765 400 0.78 
chair 515 142 606 253 1.00 
chair 164 241 351 442 1.00 
chair 584 154 692 224 1.00 
chair 0 131 69 283 1.00 
chair 133 92 243 198 1.00 
chair 378 116 450 225 1.00 
chair 46 201 177 279 1.00 
table 71 131 792 464 0.99 
chair 608 270 752 437 0.99 
chair 216 102 307 161 0.99 
chair 10 221 198 424 0.99 
chair 427 126 503 187 0.99 
chair 316 101 362 155 0.93 
chair 410 247 625 480 0.93 
chair 651 251 765 400 0.78 
