chair 188 162 406 450 1.00 
chair 657 122 833 475 1.00 
chair 526 102 654 285 1.00 
chair 533 163 805 576 1.00 
chair 453 91 551 212 1.00 
chair 330 129 516 386 1.00 
chair 435 122 584 345 1.00 
chair 608 89 719 270 1.00 
chair 59 124 184 254 0.99 
chair 360 87 447 198 0.99 
chair 307 102 387 239 0.99 
chair 350 222 698 625 0.99 
chair 121 135 252 335 0.99 
chair 385 99 462 227 0.99 
chair 216 102 316 214 0.98 
chair 158 117 254 232 0.97 
chair 232 128 334 287 0.76 
chair 223 156 378 365 0.63 
chair 490 112 618 319 0.60 
chair 188 162 406 450 1.00 
chair 657 122 833 475 1.00 
chair 526 102 654 285 1.00 
chair 533 163 805 576 1.00 
chair 453 91 551 212 1.00 
chair 330 129 516 386 1.00 
chair 435 122 584 345 1.00 
chair 608 89 719 270 1.00 
chair 59 124 184 254 0.99 
chair 360 87 447 198 0.99 
chair 307 102 387 239 0.99 
chair 350 222 698 625 0.99 
chair 121 135 252 335 0.99 
chair 385 99 462 227 0.99 
chair 216 102 316 214 0.98 
chair 158 117 254 232 0.97 
chair 232 128 334 287 0.76 
chair 223 156 378 365 0.63 
chair 490 112 618 319 0.60 
