chair 445 119 619 322 1.00 
chair 473 71 587 162 1.00 
chair 483 50 581 127 1.00 
chair 225 26 374 202 1.00 
chair 138 62 320 250 1.00 
chair 457 91 593 209 0.99 
chair 311 27 399 140 0.99 
chair 29 100 280 348 0.99 
chair 471 335 776 604 0.99 
chair 428 190 735 591 0.96 
chair 0 176 241 625 0.96 
chair 0 394 181 606 0.93 
chair 437 159 665 379 0.75 
chair 445 119 619 322 1.00 
chair 473 71 587 162 1.00 
chair 483 50 581 127 1.00 
chair 225 26 374 202 1.00 
chair 138 62 320 250 1.00 
chair 457 91 593 209 0.99 
chair 311 27 399 140 0.99 
chair 29 100 280 348 0.99 
chair 471 335 776 604 0.99 
chair 428 190 735 591 0.96 
chair 0 176 241 625 0.96 
chair 0 394 181 606 0.93 
chair 437 159 665 379 0.75 
