chair 102 185 167 259 1.00 
chair 536 207 640 317 1.00 
chair 614 228 724 343 1.00 
chair 15 303 207 576 1.00 
chair 292 319 446 552 1.00 
chair 186 168 266 255 1.00 
chair 454 193 541 281 0.99 
chair 612 368 770 506 0.99 
table 101 222 763 546 0.99 
chair 231 274 325 465 0.99 
chair 701 340 821 496 0.99 
chair 256 166 331 246 0.97 
chair 102 185 167 259 1.00 
chair 536 207 640 317 1.00 
chair 614 228 724 343 1.00 
chair 15 303 207 576 1.00 
chair 292 319 446 552 1.00 
chair 186 168 266 255 1.00 
chair 454 193 541 281 0.99 
chair 612 368 770 506 0.99 
table 101 222 763 546 0.99 
chair 231 274 325 465 0.99 
chair 701 340 821 496 0.99 
chair 256 166 331 246 0.97 
