chair 0 146 97 271 1.00 
chair 201 97 324 232 1.00 
chair 471 128 545 249 1.00 
chair 579 372 774 600 1.00 
chair 548 173 671 298 1.00 
chair 643 203 753 272 1.00 
chair 502 394 717 610 0.99 
table 0 141 833 603 0.98 
chair 119 104 258 244 0.97 
chair 321 117 375 251 0.94 
chair 381 112 428 240 0.73 
chair 0 146 97 271 1.00 
chair 201 97 324 232 1.00 
chair 471 128 545 249 1.00 
chair 579 372 774 600 1.00 
chair 548 173 671 298 1.00 
chair 643 203 753 272 1.00 
chair 502 394 717 610 0.99 
table 0 141 833 603 0.98 
chair 119 104 258 244 0.97 
chair 321 117 375 251 0.94 
chair 381 112 428 240 0.73 
