chair 533 8 719 117 1.00 
chair 392 281 547 450 1.00 
chair 221 162 307 253 1.00 
chair 596 352 823 597 1.00 
chair 313 265 405 383 1.00 
chair 470 325 651 524 1.00 
chair 347 166 453 269 1.00 
chair 460 58 550 123 1.00 
chair 217 47 300 129 1.00 
chair 530 146 722 274 0.99 
chair 476 156 569 248 0.99 
chair 352 52 456 139 0.97 
chair 108 301 281 534 0.95 
chair 533 8 719 117 1.00 
chair 392 281 547 450 1.00 
chair 221 162 307 253 1.00 
chair 596 352 823 597 1.00 
chair 313 265 405 383 1.00 
chair 470 325 651 524 1.00 
chair 347 166 453 269 1.00 
chair 460 58 550 123 1.00 
chair 217 47 300 129 1.00 
chair 530 146 722 274 0.99 
chair 476 156 569 248 0.99 
chair 352 52 456 139 0.97 
chair 108 301 281 534 0.95 
