chair 249 60 417 263 1.00 
chair 485 6 649 239 1.00 
chair 359 0 497 108 1.00 
chair 328 101 573 528 1.00 
chair 592 22 818 291 0.99 
chair 314 1 402 72 0.99 
table 280 12 838 345 0.97 
table 3 46 404 604 0.96 
chair 17 36 209 254 0.95 
chair 25 13 160 177 0.94 
chair 272 63 694 481 0.68 
chair 249 60 417 263 1.00 
chair 485 6 649 239 1.00 
chair 359 0 497 108 1.00 
chair 328 101 573 528 1.00 
chair 592 22 818 291 0.99 
chair 314 1 402 72 0.99 
table 280 12 838 345 0.97 
table 3 46 404 604 0.96 
chair 17 36 209 254 0.95 
chair 25 13 160 177 0.94 
chair 272 63 694 481 0.68 
