chair 353 188 460 311 1.00 
chair 179 121 294 190 1.00 
chair 272 91 361 195 1.00 
chair 109 115 222 200 0.99 
chair 503 114 611 241 0.99 
chair 5 270 251 608 0.98 
chair 323 109 418 212 0.98 
chair 322 143 450 242 0.98 
chair 88 230 375 582 0.98 
chair 418 99 514 212 0.97 
chair 302 96 384 201 0.95 
table 312 127 624 242 0.88 
chair 279 158 383 250 0.69 
chair 163 92 272 183 0.65 
chair 353 188 460 311 1.00 
chair 179 121 294 190 1.00 
chair 272 91 361 195 1.00 
chair 109 115 222 200 0.99 
chair 503 114 611 241 0.99 
chair 5 270 251 608 0.98 
chair 323 109 418 212 0.98 
chair 322 143 450 242 0.98 
chair 88 230 375 582 0.98 
chair 418 99 514 212 0.97 
chair 302 96 384 201 0.95 
table 312 127 624 242 0.88 
chair 279 158 383 250 0.69 
chair 163 92 272 183 0.65 
