chair 342 136 546 386 1.00 
chair 125 154 376 550 1.00 
chair 378 243 682 547 1.00 
chair 279 48 342 109 1.00 
chair 543 113 744 367 1.00 
table 23 147 833 604 1.00 
chair 160 57 245 121 0.99 
chair 672 112 817 345 0.99 
chair 406 66 514 188 0.99 
chair 371 55 446 163 0.99 
chair 440 76 560 201 0.99 
chair 0 100 87 240 0.98 
chair 170 78 301 244 0.97 
table 27 88 470 223 0.95 
chair 29 78 149 177 0.90 
chair 463 198 702 484 0.59 
chair 342 136 546 386 1.00 
chair 125 154 376 550 1.00 
chair 378 243 682 547 1.00 
chair 279 48 342 109 1.00 
chair 543 113 744 367 1.00 
table 23 147 833 604 1.00 
chair 160 57 245 121 0.99 
chair 672 112 817 345 0.99 
chair 406 66 514 188 0.99 
chair 371 55 446 163 0.99 
chair 440 76 560 201 0.99 
chair 0 100 87 240 0.98 
chair 170 78 301 244 0.97 
table 27 88 470 223 0.95 
chair 29 78 149 177 0.90 
chair 463 198 702 484 0.59 
