chair 604 107 686 178 1.00 
chair 368 203 485 312 1.00 
chair 311 302 457 496 1.00 
chair 616 150 721 241 1.00 
chair 16 236 86 307 1.00 
chair 494 197 618 338 1.00 
chair 424 165 495 235 1.00 
chair 182 303 300 428 1.00 
chair 335 171 402 237 1.00 
chair 0 299 80 404 1.00 
chair 63 300 170 413 1.00 
chair 525 117 587 165 1.00 
chair 517 158 607 232 1.00 
chair 633 207 775 396 1.00 
chair 593 74 661 132 1.00 
chair 98 228 195 315 1.00 
chair 175 178 239 245 1.00 
chair 442 123 505 187 0.99 
chair 255 175 317 238 0.99 
chair 90 181 183 258 0.99 
chair 285 222 363 329 0.98 
chair 168 213 274 303 0.98 
chair 132 226 234 310 0.95 
chair 303 137 355 194 0.93 
chair 48 168 106 236 0.63 
chair 372 137 430 191 0.61 
chair 122 304 258 423 0.55 
chair 604 107 686 178 1.00 
chair 368 203 485 312 1.00 
chair 311 302 457 496 1.00 
chair 616 150 721 241 1.00 
chair 16 236 86 307 1.00 
chair 494 197 618 338 1.00 
chair 424 165 495 235 1.00 
chair 182 303 300 428 1.00 
chair 335 171 402 237 1.00 
chair 0 299 80 404 1.00 
chair 63 300 170 413 1.00 
chair 525 117 587 165 1.00 
chair 517 158 607 232 1.00 
chair 633 207 775 396 1.00 
chair 593 74 661 132 1.00 
chair 98 228 195 315 1.00 
chair 175 178 239 245 1.00 
chair 442 123 505 187 0.99 
chair 255 175 317 238 0.99 
chair 90 181 183 258 0.99 
chair 285 222 363 329 0.98 
chair 168 213 274 303 0.98 
chair 132 226 234 310 0.95 
chair 303 137 355 194 0.93 
chair 48 168 106 236 0.63 
chair 372 137 430 191 0.61 
chair 122 304 258 423 0.55 
