chair 338 260 432 394 1.00 
chair 241 324 449 598 1.00 
chair 44 293 266 596 0.99 
chair 589 265 713 444 0.99 
chair 6 263 138 475 0.99 
chair 186 208 287 326 0.99 
chair 200 199 278 262 0.99 
desk 411 237 550 322 0.92 
chair 109 285 290 529 0.63 
chair 16 216 160 411 0.56 
chair 338 260 432 394 1.00 
chair 241 324 449 598 1.00 
chair 44 293 266 596 0.99 
chair 589 265 713 444 0.99 
chair 6 263 138 475 0.99 
chair 186 208 287 326 0.99 
chair 200 199 278 262 0.99 
desk 411 237 550 322 0.92 
chair 109 285 290 529 0.63 
chair 16 216 160 411 0.56 
