chair 493 104 566 168 1.00 
chair 470 236 691 408 1.00 
chair 592 77 674 203 1.00 
chair 38 158 176 279 1.00 
chair 25 243 258 387 1.00 
chair 154 151 284 288 1.00 
chair 539 134 671 307 1.00 
chair 422 149 540 296 1.00 
chair 211 131 280 204 1.00 
chair 287 110 377 217 1.00 
chair 218 251 460 490 0.99 
chair 224 151 370 286 0.99 
table 52 190 803 488 0.95 
chair 262 133 392 255 0.65 
chair 493 104 566 168 1.00 
chair 470 236 691 408 1.00 
chair 592 77 674 203 1.00 
chair 38 158 176 279 1.00 
chair 25 243 258 387 1.00 
chair 154 151 284 288 1.00 
chair 539 134 671 307 1.00 
chair 422 149 540 296 1.00 
chair 211 131 280 204 1.00 
chair 287 110 377 217 1.00 
chair 218 251 460 490 0.99 
chair 224 151 370 286 0.99 
table 52 190 803 488 0.95 
chair 262 133 392 255 0.65 
