chair 390 164 567 384 1.00 
chair 232 156 383 316 1.00 
chair 560 146 682 310 1.00 
chair 43 191 256 436 1.00 
chair 245 236 459 507 1.00 
chair 446 209 668 485 1.00 
chair 685 134 818 271 1.00 
table 216 186 566 492 0.99 
chair 637 190 812 412 0.96 
chair 390 164 567 384 1.00 
chair 232 156 383 316 1.00 
chair 560 146 682 310 1.00 
chair 43 191 256 436 1.00 
chair 245 236 459 507 1.00 
chair 446 209 668 485 1.00 
chair 685 134 818 271 1.00 
table 216 186 566 492 0.99 
chair 637 190 812 412 0.96 
