chair 254 153 368 269 1.00 
chair 450 149 563 250 1.00 
chair 558 221 654 327 1.00 
chair 371 144 497 251 1.00 
chair 113 145 249 279 1.00 
chair 189 267 451 467 0.99 
chair 385 250 588 382 0.99 
chair 630 214 725 305 0.99 
chair 557 169 689 270 0.99 
chair 36 205 226 347 0.99 
table 97 185 706 438 0.95 
chair 80 172 232 313 0.91 
chair 594 201 711 291 0.82 
chair 254 153 368 269 1.00 
chair 450 149 563 250 1.00 
chair 558 221 654 327 1.00 
chair 371 144 497 251 1.00 
chair 113 145 249 279 1.00 
chair 189 267 451 467 0.99 
chair 385 250 588 382 0.99 
chair 630 214 725 305 0.99 
chair 557 169 689 270 0.99 
chair 36 205 226 347 0.99 
table 97 185 706 438 0.95 
chair 80 172 232 313 0.91 
chair 594 201 711 291 0.82 
