chair 135 161 339 400 1.00 
chair 600 134 679 272 1.00 
chair 322 159 472 361 1.00 
chair 62 206 325 539 1.00 
chair 447 198 652 428 1.00 
chair 337 236 606 545 1.00 
chair 693 147 811 279 0.99 
table 219 187 563 472 0.97 
chair 555 148 676 295 0.97 
chair 638 174 793 350 0.95 
chair 135 161 339 400 1.00 
chair 600 134 679 272 1.00 
chair 322 159 472 361 1.00 
chair 62 206 325 539 1.00 
chair 447 198 652 428 1.00 
chair 337 236 606 545 1.00 
chair 693 147 811 279 0.99 
table 219 187 563 472 0.97 
chair 555 148 676 295 0.97 
chair 638 174 793 350 0.95 
