chair 224 194 405 405 1.00 
chair 469 244 712 587 1.00 
chair 476 224 655 463 1.00 
chair 378 180 535 369 1.00 
table 200 208 551 509 0.99 
chair 36 233 295 452 0.99 
chair 689 148 804 317 0.99 
chair 616 183 824 383 0.95 
table 718 179 836 400 0.93 
chair 224 194 405 405 1.00 
chair 469 244 712 587 1.00 
chair 476 224 655 463 1.00 
chair 378 180 535 369 1.00 
table 200 208 551 509 0.99 
chair 36 233 295 452 0.99 
chair 689 148 804 317 0.99 
chair 616 183 824 383 0.95 
table 718 179 836 400 0.93 
