chair 90 243 286 506 1.00 
chair 347 285 547 593 1.00 
chair 11 197 103 337 1.00 
chair 546 255 691 477 1.00 
chair 447 275 635 544 1.00 
chair 339 217 416 288 1.00 
chair 414 224 507 369 1.00 
chair 478 228 559 360 1.00 
chair 250 212 335 333 0.99 
chair 182 295 445 601 0.99 
chair 333 245 436 404 0.99 
chair 96 197 178 325 0.99 
chair 167 203 262 329 0.98 
chair 223 231 362 428 0.97 
chair 67 213 163 378 0.94 
chair 205 267 388 517 0.87 
chair 160 234 332 450 0.80 
chair 134 207 225 334 0.68 
chair 36 212 133 358 0.59 
chair 90 243 286 506 1.00 
chair 347 285 547 593 1.00 
chair 11 197 103 337 1.00 
chair 546 255 691 477 1.00 
chair 447 275 635 544 1.00 
chair 339 217 416 288 1.00 
chair 414 224 507 369 1.00 
chair 478 228 559 360 1.00 
chair 250 212 335 333 0.99 
chair 182 295 445 601 0.99 
chair 333 245 436 404 0.99 
chair 96 197 178 325 0.99 
chair 167 203 262 329 0.98 
chair 223 231 362 428 0.97 
chair 67 213 163 378 0.94 
chair 205 267 388 517 0.87 
chair 160 234 332 450 0.80 
chair 134 207 225 334 0.68 
chair 36 212 133 358 0.59 
