chair 468 297 665 599 1.00 
chair 247 252 345 401 1.00 
chair 0 299 169 588 1.00 
chair 626 212 726 315 1.00 
chair 641 295 835 604 1.00 
chair 218 226 290 264 1.00 
chair 607 203 669 236 1.00 
chair 138 222 223 307 1.00 
chair 566 245 667 404 1.00 
chair 84 298 317 600 1.00 
chair 274 300 452 606 1.00 
chair 464 207 535 268 1.00 
chair 342 248 453 392 0.99 
chair 719 217 830 320 0.99 
chair 532 205 593 237 0.99 
chair 548 222 629 261 0.99 
chair 401 205 460 238 0.99 
chair 386 223 461 264 0.99 
chair 305 226 375 262 0.99 
chair 260 203 337 275 0.98 
chair 666 242 812 434 0.98 
chair 135 239 233 353 0.97 
chair 331 206 395 237 0.97 
chair 452 252 561 366 0.95 
chair 657 203 749 303 0.93 
chair 183 301 400 601 0.82 
chair 452 225 546 329 0.75 
chair 701 205 801 303 0.66 
chair 567 214 656 255 0.61 
chair 317 214 393 252 0.56 
chair 241 223 322 293 0.51 
chair 468 297 665 599 1.00 
chair 247 252 345 401 1.00 
chair 0 299 169 588 1.00 
chair 626 212 726 315 1.00 
chair 641 295 835 604 1.00 
chair 218 226 290 264 1.00 
chair 607 203 669 236 1.00 
chair 138 222 223 307 1.00 
chair 566 245 667 404 1.00 
chair 84 298 317 600 1.00 
chair 274 300 452 606 1.00 
chair 464 207 535 268 1.00 
chair 342 248 453 392 0.99 
chair 719 217 830 320 0.99 
chair 532 205 593 237 0.99 
chair 548 222 629 261 0.99 
chair 401 205 460 238 0.99 
chair 386 223 461 264 0.99 
chair 305 226 375 262 0.99 
chair 260 203 337 275 0.98 
chair 666 242 812 434 0.98 
chair 135 239 233 353 0.97 
chair 331 206 395 237 0.97 
chair 452 252 561 366 0.95 
chair 657 203 749 303 0.93 
chair 183 301 400 601 0.82 
chair 452 225 546 329 0.75 
chair 701 205 801 303 0.66 
chair 567 214 656 255 0.61 
chair 317 214 393 252 0.56 
chair 241 223 322 293 0.51 
