chair 365 296 555 526 1.00 
chair 416 242 509 367 1.00 
chair 487 226 573 342 1.00 
chair 606 245 748 397 1.00 
chair 270 266 433 475 1.00 
chair 57 305 256 585 1.00 
chair 433 217 512 305 1.00 
chair 359 231 436 349 1.00 
chair 223 260 369 441 1.00 
chair 139 338 400 606 1.00 
chair 518 257 678 449 1.00 
chair 490 255 578 394 0.99 
chair 188 238 297 385 0.99 
chair 28 293 192 520 0.99 
chair 557 239 645 371 0.97 
chair 188 289 369 524 0.78 
chair 498 229 570 271 0.66 
chair 179 275 274 420 0.57 
chair 365 296 555 526 1.00 
chair 416 242 509 367 1.00 
chair 487 226 573 342 1.00 
chair 606 245 748 397 1.00 
chair 270 266 433 475 1.00 
chair 57 305 256 585 1.00 
chair 433 217 512 305 1.00 
chair 359 231 436 349 1.00 
chair 223 260 369 441 1.00 
chair 139 338 400 606 1.00 
chair 518 257 678 449 1.00 
chair 490 255 578 394 0.99 
chair 188 238 297 385 0.99 
chair 28 293 192 520 0.99 
chair 557 239 645 371 0.97 
chair 188 289 369 524 0.78 
chair 498 229 570 271 0.66 
chair 179 275 274 420 0.57 
