chair 642 272 800 487 1.00 
chair 551 200 673 337 1.00 
chair 294 203 398 311 1.00 
chair 364 215 482 334 1.00 
chair 179 268 347 504 1.00 
chair 383 280 669 563 1.00 
chair 64 248 239 444 1.00 
table 112 224 461 391 0.97 
table 203 236 703 565 0.91 
chair 642 272 800 487 1.00 
chair 551 200 673 337 1.00 
chair 294 203 398 311 1.00 
chair 364 215 482 334 1.00 
chair 179 268 347 504 1.00 
chair 383 280 669 563 1.00 
chair 64 248 239 444 1.00 
table 112 224 461 391 0.97 
table 203 236 703 565 0.91 
