chair 592 174 677 275 1.00 
chair 598 201 776 414 1.00 
chair 412 167 501 275 1.00 
chair 503 175 586 283 1.00 
chair 285 156 378 284 1.00 
chair 2 203 151 389 1.00 
chair 1 277 185 611 1.00 
chair 184 170 296 308 0.99 
chair 106 188 257 353 0.99 
chair 711 256 833 488 0.99 
chair 73 287 448 609 0.98 
chair 700 401 837 596 0.93 
table 4 220 585 569 0.85 
chair 592 174 677 275 1.00 
chair 598 201 776 414 1.00 
chair 412 167 501 275 1.00 
chair 503 175 586 283 1.00 
chair 285 156 378 284 1.00 
chair 2 203 151 389 1.00 
chair 1 277 185 611 1.00 
chair 184 170 296 308 0.99 
chair 106 188 257 353 0.99 
chair 711 256 833 488 0.99 
chair 73 287 448 609 0.98 
chair 700 401 837 596 0.93 
table 4 220 585 569 0.85 
