chair 180 144 300 277 1.00 
chair 461 225 663 528 1.00 
chair 414 139 490 222 1.00 
chair 307 115 400 251 1.00 
chair 484 143 656 334 1.00 
chair 9 335 293 605 1.00 
chair 0 179 146 378 0.99 
chair 86 147 236 318 0.98 
desk 0 204 477 615 0.94 
chair 47 163 199 343 0.89 
chair 180 144 300 277 1.00 
chair 461 225 663 528 1.00 
chair 414 139 490 222 1.00 
chair 307 115 400 251 1.00 
chair 484 143 656 334 1.00 
chair 9 335 293 605 1.00 
chair 0 179 146 378 0.99 
chair 86 147 236 318 0.98 
desk 0 204 477 615 0.94 
chair 47 163 199 343 0.89 
