chair 451 151 527 277 1.00 
chair 562 155 692 307 1.00 
chair 64 180 257 378 1.00 
chair 321 138 392 194 1.00 
bookshelf 536 0 732 258 1.00 
chair 450 260 706 602 1.00 
chair 160 167 250 316 1.00 
chair 0 341 122 559 0.99 
table 112 184 552 573 0.99 
chair 260 139 314 207 0.99 
chair 211 154 273 210 0.97 
chair 542 199 694 375 0.52 
chair 451 151 527 277 1.00 
chair 562 155 692 307 1.00 
chair 64 180 257 378 1.00 
chair 321 138 392 194 1.00 
bookshelf 536 0 732 258 1.00 
chair 450 260 706 602 1.00 
chair 160 167 250 316 1.00 
chair 0 341 122 559 0.99 
table 112 184 552 573 0.99 
chair 260 139 314 207 0.99 
chair 211 154 273 210 0.97 
chair 542 199 694 375 0.52 
