chair 37 252 314 488 1.00 
chair 206 146 287 225 1.00 
chair 584 166 672 224 1.00 
chair 432 162 519 234 1.00 
chair 27 174 189 271 1.00 
chair 461 135 534 213 1.00 
chair 510 260 759 600 0.99 
chair 306 138 383 222 0.98 
chair 312 168 395 242 0.98 
chair 37 252 314 488 1.00 
chair 206 146 287 225 1.00 
chair 584 166 672 224 1.00 
chair 432 162 519 234 1.00 
chair 27 174 189 271 1.00 
chair 461 135 534 213 1.00 
chair 510 260 759 600 0.99 
chair 306 138 383 222 0.98 
chair 312 168 395 242 0.98 
