chair 551 129 647 257 1.00 
chair 519 238 750 503 1.00 
chair 368 111 450 221 1.00 
chair 2 235 333 608 1.00 
chair 257 145 418 329 1.00 
chair 720 171 806 324 1.00 
table 41 153 556 594 1.00 
chair 461 188 565 354 0.99 
chair 330 126 429 254 0.98 
chair 175 193 370 477 0.98 
chair 496 139 596 273 0.97 
table 370 133 566 291 0.97 
chair 741 233 834 446 0.73 
table 312 140 508 314 0.69 
chair 551 129 647 257 1.00 
chair 519 238 750 503 1.00 
chair 368 111 450 221 1.00 
chair 2 235 333 608 1.00 
chair 257 145 418 329 1.00 
chair 720 171 806 324 1.00 
table 41 153 556 594 1.00 
chair 461 188 565 354 0.99 
chair 330 126 429 254 0.98 
chair 175 193 370 477 0.98 
chair 496 139 596 273 0.97 
table 370 133 566 291 0.97 
chair 741 233 834 446 0.73 
table 312 140 508 314 0.69 
