chair 504 31 594 147 1.00 
chair 409 34 464 81 1.00 
chair 0 163 237 499 1.00 
chair 257 36 314 83 1.00 
chair 467 103 655 360 1.00 
chair 250 53 336 167 1.00 
table 212 108 646 532 0.99 
chair 79 62 182 190 0.96 
chair 405 37 472 111 0.96 
chair 263 43 329 118 0.89 
chair 504 31 594 147 1.00 
chair 409 34 464 81 1.00 
chair 0 163 237 499 1.00 
chair 257 36 314 83 1.00 
chair 467 103 655 360 1.00 
chair 250 53 336 167 1.00 
table 212 108 646 532 0.99 
chair 79 62 182 190 0.96 
chair 405 37 472 111 0.96 
chair 263 43 329 118 0.89 
