chair 424 101 528 223 1.00 
chair 195 189 351 401 1.00 
chair 304 72 371 170 1.00 
chair 201 141 311 259 1.00 
chair 503 133 639 329 0.99 
chair 386 253 604 466 0.99 
chair 177 84 297 203 0.99 
table 233 126 587 511 0.98 
chair 233 103 305 192 0.97 
chair 212 168 333 320 0.70 
chair 424 101 528 223 1.00 
chair 195 189 351 401 1.00 
chair 304 72 371 170 1.00 
chair 201 141 311 259 1.00 
chair 503 133 639 329 0.99 
chair 386 253 604 466 0.99 
chair 177 84 297 203 0.99 
table 233 126 587 511 0.98 
chair 233 103 305 192 0.97 
chair 212 168 333 320 0.70 
