chair 169 269 354 484 1.00 
chair 680 240 775 301 1.00 
chair 123 226 219 348 1.00 
chair 441 328 705 600 1.00 
chair 296 266 453 455 1.00 
chair 305 218 404 336 1.00 
chair 486 254 611 329 1.00 
chair 228 227 311 330 1.00 
chair 6 277 207 536 1.00 
chair 569 246 674 311 0.99 
chair 6 229 130 304 0.99 
chair 395 261 543 427 0.99 
chair 640 242 738 305 0.98 
chair 571 316 808 567 0.98 
chair 680 308 835 573 0.96 
chair 374 216 473 338 0.96 
chair 764 292 835 511 0.83 
chair 336 224 437 328 0.71 
chair 169 269 354 484 1.00 
chair 680 240 775 301 1.00 
chair 123 226 219 348 1.00 
chair 441 328 705 600 1.00 
chair 296 266 453 455 1.00 
chair 305 218 404 336 1.00 
chair 486 254 611 329 1.00 
chair 228 227 311 330 1.00 
chair 6 277 207 536 1.00 
chair 569 246 674 311 0.99 
chair 6 229 130 304 0.99 
chair 395 261 543 427 0.99 
chair 640 242 738 305 0.98 
chair 571 316 808 567 0.98 
chair 680 308 835 573 0.96 
chair 374 216 473 338 0.96 
chair 764 292 835 511 0.83 
chair 336 224 437 328 0.71 
