chair 152 132 304 224 1.00 
chair 378 89 513 220 1.00 
chair 281 106 439 259 1.00 
chair 585 159 780 298 1.00 
chair 182 258 535 610 1.00 
chair 1 171 168 432 1.00 
chair 451 76 577 194 1.00 
chair 519 63 638 175 0.99 
table 0 94 802 598 0.99 
chair 696 63 763 139 0.99 
chair 515 171 790 500 0.97 
chair 152 132 304 224 1.00 
chair 378 89 513 220 1.00 
chair 281 106 439 259 1.00 
chair 585 159 780 298 1.00 
chair 182 258 535 610 1.00 
chair 1 171 168 432 1.00 
chair 451 76 577 194 1.00 
chair 519 63 638 175 0.99 
table 0 94 802 598 0.99 
chair 696 63 763 139 0.99 
chair 515 171 790 500 0.97 
