chair 310 273 615 604 1.00 
chair 613 144 704 200 1.00 
chair 534 258 814 525 1.00 
chair 133 191 312 463 0.99 
chair 555 132 631 189 0.99 
chair 118 155 262 366 0.99 
chair 684 157 792 259 0.99 
table 268 177 767 496 0.99 
chair 766 173 833 286 0.99 
chair 156 84 242 174 0.98 
table 147 165 533 524 0.98 
chair 95 125 182 277 0.97 
table 116 126 330 283 0.88 
chair 690 240 832 409 0.87 
table 609 159 835 388 0.78 
table 438 127 691 206 0.76 
chair 105 136 218 313 0.75 
chair 82 112 119 231 0.66 
chair 310 273 615 604 1.00 
chair 613 144 704 200 1.00 
chair 534 258 814 525 1.00 
chair 133 191 312 463 0.99 
chair 555 132 631 189 0.99 
chair 118 155 262 366 0.99 
chair 684 157 792 259 0.99 
table 268 177 767 496 0.99 
chair 766 173 833 286 0.99 
chair 156 84 242 174 0.98 
table 147 165 533 524 0.98 
chair 95 125 182 277 0.97 
table 116 126 330 283 0.88 
chair 690 240 832 409 0.87 
table 609 159 835 388 0.78 
table 438 127 691 206 0.76 
chair 105 136 218 313 0.75 
chair 82 112 119 231 0.66 
