chair 378 169 468 266 1.00 
chair 506 270 723 508 1.00 
chair 381 266 598 541 1.00 
chair 323 200 465 346 1.00 
chair 437 181 539 280 0.99 
chair 620 264 819 491 0.99 
chair 105 121 191 178 0.99 
chair 397 146 488 242 0.99 
chair 202 154 299 219 0.99 
chair 730 270 832 424 0.99 
chair 217 258 424 564 0.99 
chair 2 256 219 565 0.99 
chair 297 161 375 258 0.99 
chair 466 141 548 231 0.98 
chair 209 194 358 329 0.98 
chair 199 129 258 178 0.97 
chair 336 126 432 237 0.97 
chair 29 202 207 454 0.97 
chair 71 143 193 247 0.97 
chair 422 212 563 345 0.97 
chair 527 205 669 301 0.93 
chair 523 180 630 262 0.92 
chair 92 128 193 210 0.87 
chair 49 164 206 347 0.85 
chair 613 217 777 350 0.78 
chair 281 151 346 256 0.72 
chair 498 170 595 260 0.54 
chair 649 338 834 546 0.54 
chair 414 196 518 312 0.54 
chair 259 199 406 340 0.52 
chair 378 169 468 266 1.00 
chair 506 270 723 508 1.00 
chair 381 266 598 541 1.00 
chair 323 200 465 346 1.00 
chair 437 181 539 280 0.99 
chair 620 264 819 491 0.99 
chair 105 121 191 178 0.99 
chair 397 146 488 242 0.99 
chair 202 154 299 219 0.99 
chair 730 270 832 424 0.99 
chair 217 258 424 564 0.99 
chair 2 256 219 565 0.99 
chair 297 161 375 258 0.99 
chair 466 141 548 231 0.98 
chair 209 194 358 329 0.98 
chair 199 129 258 178 0.97 
chair 336 126 432 237 0.97 
chair 29 202 207 454 0.97 
chair 71 143 193 247 0.97 
chair 422 212 563 345 0.97 
chair 527 205 669 301 0.93 
chair 523 180 630 262 0.92 
chair 92 128 193 210 0.87 
chair 49 164 206 347 0.85 
chair 613 217 777 350 0.78 
chair 281 151 346 256 0.72 
chair 498 170 595 260 0.54 
chair 649 338 834 546 0.54 
chair 414 196 518 312 0.54 
chair 259 199 406 340 0.52 
