chair 509 242 755 502 1.00 
chair 366 267 675 613 1.00 
chair 0 227 183 485 1.00 
chair 247 169 418 334 0.99 
chair 123 332 533 605 0.99 
chair 529 164 658 306 0.99 
chair 152 191 358 310 0.90 
chair 0 358 348 601 0.61 
table 17 217 622 580 0.53 
chair 132 200 316 271 0.51 
chair 509 242 755 502 1.00 
chair 366 267 675 613 1.00 
chair 0 227 183 485 1.00 
chair 247 169 418 334 0.99 
chair 123 332 533 605 0.99 
chair 529 164 658 306 0.99 
chair 152 191 358 310 0.90 
chair 0 358 348 601 0.61 
table 17 217 622 580 0.53 
chair 132 200 316 271 0.51 
