chair 121 110 312 383 1.00 
table 3 35 314 212 1.00 
chair 529 81 721 263 1.00 
chair 501 174 786 491 1.00 
chair 198 275 488 605 1.00 
table 209 162 631 539 0.99 
chair 571 91 788 305 0.99 
chair 718 183 835 429 0.99 
chair 611 116 832 371 0.99 
chair 352 175 695 494 0.57 
chair 121 110 312 383 1.00 
table 3 35 314 212 1.00 
chair 529 81 721 263 1.00 
chair 501 174 786 491 1.00 
chair 198 275 488 605 1.00 
table 209 162 631 539 0.99 
chair 571 91 788 305 0.99 
chair 718 183 835 429 0.99 
chair 611 116 832 371 0.99 
chair 352 175 695 494 0.57 
