chair 360 152 475 306 1.00 
chair 403 212 584 479 1.00 
chair 253 213 481 570 1.00 
chair 255 156 379 307 1.00 
chair 440 154 535 223 1.00 
chair 631 194 746 358 1.00 
chair 487 151 575 214 1.00 
chair 500 209 659 426 0.99 
chair 584 199 710 379 0.99 
chair 309 156 427 308 0.76 
chair 360 152 475 306 1.00 
chair 403 212 584 479 1.00 
chair 253 213 481 570 1.00 
chair 255 156 379 307 1.00 
chair 440 154 535 223 1.00 
chair 631 194 746 358 1.00 
chair 487 151 575 214 1.00 
chair 500 209 659 426 0.99 
chair 584 199 710 379 0.99 
chair 309 156 427 308 0.76 
