chair 380 199 821 604 1.00 
chair 406 57 648 344 1.00 
chair 229 31 406 210 1.00 
chair 8 190 346 593 1.00 
chair 174 21 322 183 0.99 
chair 306 42 484 132 0.99 
chair 0 124 218 533 0.95 
chair 135 11 279 164 0.95 
table 0 64 683 598 0.92 
chair 274 42 430 156 0.51 
chair 380 199 821 604 1.00 
chair 406 57 648 344 1.00 
chair 229 31 406 210 1.00 
chair 8 190 346 593 1.00 
chair 174 21 322 183 0.99 
chair 306 42 484 132 0.99 
chair 0 124 218 533 0.95 
chair 135 11 279 164 0.95 
table 0 64 683 598 0.92 
chair 274 42 430 156 0.51 
