chair 555 208 712 465 1.00 
chair 290 163 424 293 1.00 
chair 400 178 547 336 1.00 
chair 419 276 669 595 1.00 
chair 1 154 103 268 1.00 
chair 105 255 372 554 0.99 
chair 0 201 76 293 0.99 
chair 27 242 236 489 0.99 
chair 0 237 117 417 0.99 
chair 134 135 250 243 0.98 
table 30 203 653 583 0.98 
chair 188 161 299 284 0.97 
chair 555 208 712 465 1.00 
chair 290 163 424 293 1.00 
chair 400 178 547 336 1.00 
chair 419 276 669 595 1.00 
chair 1 154 103 268 1.00 
chair 105 255 372 554 0.99 
chair 0 201 76 293 0.99 
chair 27 242 236 489 0.99 
chair 0 237 117 417 0.99 
chair 134 135 250 243 0.98 
table 30 203 653 583 0.98 
chair 188 161 299 284 0.97 
