chair 255 170 340 234 1.00 
chair 273 227 417 384 1.00 
chair 639 281 837 481 1.00 
chair 710 220 801 296 1.00 
chair 484 203 624 323 0.99 
chair 525 176 633 274 0.99 
chair 624 184 692 232 0.99 
chair 360 162 453 248 0.98 
chair 451 307 719 589 0.98 
chair 76 195 243 364 0.97 
chair 605 212 708 274 0.97 
chair 283 156 354 201 0.94 
chair 289 167 392 241 0.90 
table 443 258 722 461 0.87 
chair 9 220 221 388 0.84 
table 611 192 712 253 0.55 
chair 255 170 340 234 1.00 
chair 273 227 417 384 1.00 
chair 639 281 837 481 1.00 
chair 710 220 801 296 1.00 
chair 484 203 624 323 0.99 
chair 525 176 633 274 0.99 
chair 624 184 692 232 0.99 
chair 360 162 453 248 0.98 
chair 451 307 719 589 0.98 
chair 76 195 243 364 0.97 
chair 605 212 708 274 0.97 
chair 283 156 354 201 0.94 
chair 289 167 392 241 0.90 
table 443 258 722 461 0.87 
chair 9 220 221 388 0.84 
table 611 192 712 253 0.55 
