chair 260 242 407 514 1.00 
chair 303 196 378 290 0.99 
chair 492 204 584 338 0.99 
chair 307 314 527 602 0.99 
chair 62 199 197 349 0.98 
desk 163 259 239 366 0.98 
chair 13 214 158 382 0.98 
chair 535 226 619 385 0.97 
desk 373 296 716 610 0.90 
desk 5 350 146 594 0.86 
chair 692 266 837 579 0.85 
desk 542 227 703 408 0.85 
desk 359 256 470 427 0.84 
desk 0 277 206 523 0.60 
chair 569 243 729 492 0.50 
chair 260 242 407 514 1.00 
chair 303 196 378 290 0.99 
chair 492 204 584 338 0.99 
chair 307 314 527 602 0.99 
chair 62 199 197 349 0.98 
desk 163 259 239 366 0.98 
chair 13 214 158 382 0.98 
chair 535 226 619 385 0.97 
desk 373 296 716 610 0.90 
desk 5 350 146 594 0.86 
chair 692 266 837 579 0.85 
desk 542 227 703 408 0.85 
desk 359 256 470 427 0.84 
desk 0 277 206 523 0.60 
chair 569 243 729 492 0.50 
