chair 729 271 810 392 1.00 
chair 339 254 491 465 1.00 
chair 279 189 357 269 0.99 
chair 349 212 439 273 0.99 
chair 1 210 104 326 0.99 
chair 473 231 626 399 0.99 
chair 600 322 832 480 0.99 
chair 196 275 401 547 0.98 
chair 449 362 807 608 0.98 
chair 53 236 203 434 0.98 
chair 214 223 344 302 0.96 
desk 65 224 618 478 0.95 
chair 236 201 311 266 0.94 
desk 150 252 714 601 0.92 
chair 117 204 208 286 0.90 
desk 41 213 409 316 0.51 
desk 26 226 316 424 0.51 
chair 3 206 105 321 0.99 
chair 334 260 492 456 0.99 
chair 202 278 387 538 0.98 
chair 290 187 360 266 0.98 
chair 54 244 211 431 0.97 
chair 486 239 631 384 0.97 
desk 166 270 703 576 0.92 
chair 110 193 203 293 0.88 
chair 594 321 819 494 0.88 
chair 448 384 741 608 0.87 
chair 212 222 343 300 0.86 
desk 44 242 407 430 0.84 
desk 76 235 596 471 0.78 
desk 96 212 397 339 0.61 
chair 348 207 431 274 0.55 
chair 258 194 350 301 0.52 
desk 302 199 418 275 0.50 
chair 729 271 810 392 1.00 
chair 339 254 491 465 1.00 
chair 279 189 357 269 0.99 
chair 349 212 439 273 0.99 
chair 1 210 104 326 0.99 
chair 473 231 626 399 0.99 
chair 600 322 832 480 0.99 
chair 196 275 401 547 0.98 
chair 449 362 807 608 0.98 
chair 53 236 203 434 0.98 
chair 214 223 344 302 0.96 
desk 65 224 618 478 0.95 
chair 236 201 311 266 0.94 
desk 150 252 714 601 0.92 
chair 117 204 208 286 0.90 
desk 41 213 409 316 0.51 
desk 26 226 316 424 0.51 
