chair 198 146 307 338 1.00 
chair 136 223 427 601 1.00 
chair 351 129 431 242 1.00 
chair 89 167 265 409 0.99 
chair 308 134 389 265 0.99 
chair 2 127 117 303 0.99 
chair 58 126 191 268 0.98 
chair 478 162 560 274 0.98 
desk 0 215 272 605 0.95 
chair 367 217 515 459 0.95 
desk 483 218 626 428 0.90 
desk 248 197 433 350 0.90 
desk 321 278 648 605 0.83 
chair 413 224 583 457 0.64 
chair 2 195 109 288 0.60 
desk 147 196 408 371 0.59 
chair 198 146 307 338 1.00 
chair 136 223 427 601 1.00 
chair 351 129 431 242 1.00 
chair 89 167 265 409 0.99 
chair 308 134 389 265 0.99 
chair 2 127 117 303 0.99 
chair 58 126 191 268 0.98 
chair 478 162 560 274 0.98 
desk 0 215 272 605 0.95 
chair 367 217 515 459 0.95 
desk 483 218 626 428 0.90 
desk 248 197 433 350 0.90 
desk 321 278 648 605 0.83 
chair 413 224 583 457 0.64 
chair 2 195 109 288 0.60 
desk 147 196 408 371 0.59 
