chair 477 235 658 493 1.00 
chair 179 135 267 268 1.00 
chair 251 169 380 323 1.00 
chair 393 211 547 294 1.00 
chair 92 221 288 480 1.00 
chair 221 154 330 276 1.00 
chair 31 191 182 397 0.99 
chair 0 126 102 242 0.99 
chair 297 303 549 605 0.99 
chair 526 333 842 608 0.98 
table 12 156 669 614 0.98 
chair 145 244 344 537 0.98 
chair 136 129 208 244 0.98 
chair 312 191 452 258 0.95 
chair 64 208 229 425 0.79 
chair 279 182 435 299 0.68 
chair 189 287 391 575 0.63 
chair 502 255 731 585 0.56 
chair 477 235 658 493 1.00 
chair 179 135 267 268 1.00 
chair 251 169 380 323 1.00 
chair 393 211 547 294 1.00 
chair 92 221 288 480 1.00 
chair 221 154 330 276 1.00 
chair 31 191 182 397 0.99 
chair 0 126 102 242 0.99 
chair 297 303 549 605 0.99 
chair 526 333 842 608 0.98 
table 12 156 669 614 0.98 
chair 145 244 344 537 0.98 
chair 136 129 208 244 0.98 
chair 312 191 452 258 0.95 
chair 64 208 229 425 0.79 
chair 279 182 435 299 0.68 
chair 189 287 391 575 0.63 
chair 502 255 731 585 0.56 
