chair 410 425 733 605 1.00 
chair 270 134 365 274 1.00 
chair 474 145 583 274 1.00 
chair 356 143 462 293 0.99 
chair 41 327 402 606 0.99 
chair 2 149 56 332 0.98 
table 440 176 773 332 0.97 
chair 158 136 228 202 0.96 
table 37 153 258 325 0.95 
chair 599 159 738 294 0.95 
table 188 158 438 298 0.93 
chair 24 145 130 243 0.92 
table 34 290 836 611 0.89 
table 3 236 252 600 0.87 
chair 0 273 130 606 0.60 
table 18 205 256 429 0.57 
chair 410 425 733 605 1.00 
chair 270 134 365 274 1.00 
chair 474 145 583 274 1.00 
chair 356 143 462 293 0.99 
chair 41 327 402 606 0.99 
chair 2 149 56 332 0.98 
table 440 176 773 332 0.97 
chair 158 136 228 202 0.96 
table 37 153 258 325 0.95 
chair 599 159 738 294 0.95 
table 188 158 438 298 0.93 
chair 24 145 130 243 0.92 
table 34 290 836 611 0.89 
table 3 236 252 600 0.87 
chair 0 273 130 606 0.60 
table 18 205 256 429 0.57 
