chair 187 147 382 316 1.00 
chair 461 183 713 399 1.00 
chair 134 224 415 499 1.00 
chair 322 64 400 146 1.00 
chair 543 82 652 192 1.00 
chair 646 73 757 188 1.00 
chair 214 64 295 116 0.99 
chair 692 95 837 205 0.99 
chair 166 81 277 152 0.98 
chair 374 122 560 313 0.98 
table 240 71 379 161 0.96 
table 267 145 593 460 0.95 
chair 187 70 301 138 0.84 
chair 578 87 717 194 0.77 
chair 176 192 394 395 0.60 
chair 187 147 382 316 1.00 
chair 461 183 713 399 1.00 
chair 134 224 415 499 1.00 
chair 322 64 400 146 1.00 
chair 543 82 652 192 1.00 
chair 646 73 757 188 1.00 
chair 214 64 295 116 0.99 
chair 692 95 837 205 0.99 
chair 166 81 277 152 0.98 
chair 374 122 560 313 0.98 
table 240 71 379 161 0.96 
table 267 145 593 460 0.95 
chair 187 70 301 138 0.84 
chair 578 87 717 194 0.77 
chair 176 192 394 395 0.60 
