chair 277 152 594 469 1.00 
chair 77 76 201 252 1.00 
chair 373 26 502 160 1.00 
chair 531 71 752 290 0.99 
chair 531 27 634 180 0.99 
chair 199 42 350 183 0.99 
desk 258 51 664 314 0.96 
desk 27 84 501 347 0.96 
chair 6 191 263 487 0.84 
chair 1 152 175 352 0.82 
chair 277 152 594 469 1.00 
chair 77 76 201 252 1.00 
chair 373 26 502 160 1.00 
chair 531 71 752 290 0.99 
chair 531 27 634 180 0.99 
chair 199 42 350 183 0.99 
desk 258 51 664 314 0.96 
desk 27 84 501 347 0.96 
chair 6 191 263 487 0.84 
chair 1 152 175 352 0.82 
