chair 444 25 541 146 1.00 
chair 293 36 398 160 1.00 
chair 28 208 443 610 1.00 
chair 172 57 356 236 1.00 
chair 105 102 321 327 1.00 
chair 513 97 707 219 0.99 
chair 396 157 636 432 0.99 
desk 0 52 588 551 0.97 
chair 526 42 674 202 0.96 
chair 227 41 371 198 0.76 
chair 444 25 541 146 1.00 
chair 293 36 398 160 1.00 
chair 28 208 443 610 1.00 
chair 172 57 356 236 1.00 
chair 105 102 321 327 1.00 
chair 513 97 707 219 0.99 
chair 396 157 636 432 0.99 
desk 0 52 588 551 0.97 
chair 526 42 674 202 0.96 
chair 227 41 371 198 0.76 
