chair 211 154 350 317 1.00 
chair 491 170 644 422 1.00 
desk 157 185 571 526 1.00 
chair 434 162 547 335 0.99 
chair 146 198 326 436 0.98 
chair 492 136 569 255 0.98 
chair 470 171 594 371 0.76 
chair 206 147 342 293 1.00 
chair 505 167 643 411 1.00 
chair 491 135 568 249 1.00 
chair 428 160 555 332 0.99 
desk 159 188 566 529 0.99 
chair 461 171 602 377 0.98 
chair 156 210 338 441 0.93 
chair 211 154 350 317 1.00 
chair 491 170 644 422 1.00 
desk 157 185 571 526 1.00 
chair 434 162 547 335 0.99 
chair 146 198 326 436 0.98 
chair 492 136 569 255 0.98 
chair 470 171 594 371 0.76 
