chair 492 163 702 426 1.00 
chair 0 96 74 202 1.00 
chair 303 130 480 359 1.00 
chair 441 85 544 167 1.00 
chair 142 95 280 193 1.00 
chair 572 96 714 183 1.00 
chair 594 41 761 182 0.99 
chair 131 214 395 556 0.99 
chair 486 46 576 134 0.99 
table 263 159 626 532 0.97 
table 10 103 193 210 0.96 
table 492 67 647 184 0.96 
chair 0 136 78 310 0.74 
chair 492 163 702 426 1.00 
chair 0 96 74 202 1.00 
chair 303 130 480 359 1.00 
chair 441 85 544 167 1.00 
chair 142 95 280 193 1.00 
chair 572 96 714 183 1.00 
chair 594 41 761 182 0.99 
chair 131 214 395 556 0.99 
chair 486 46 576 134 0.99 
table 263 159 626 532 0.97 
table 10 103 193 210 0.96 
table 492 67 647 184 0.96 
chair 0 136 78 310 0.74 
