chair 240 144 389 343 1.00 
chair 672 153 799 286 1.00 
chair 678 115 758 230 1.00 
chair 2 194 220 486 1.00 
chair 166 235 471 603 1.00 
chair 558 146 687 349 0.99 
chair 526 86 583 172 0.99 
table 427 139 649 263 0.98 
chair 439 176 607 408 0.97 
chair 399 120 501 260 0.97 
chair 460 97 527 232 0.96 
table 301 163 563 378 0.82 
table 580 100 735 207 0.80 
table 498 124 703 248 0.77 
table 90 193 401 522 0.74 
chair 240 144 389 343 1.00 
chair 672 153 799 286 1.00 
chair 678 115 758 230 1.00 
chair 2 194 220 486 1.00 
chair 166 235 471 603 1.00 
chair 558 146 687 349 0.99 
chair 526 86 583 172 0.99 
table 427 139 649 263 0.98 
chair 439 176 607 408 0.97 
chair 399 120 501 260 0.97 
chair 460 97 527 232 0.96 
table 301 163 563 378 0.82 
table 580 100 735 207 0.80 
table 498 124 703 248 0.77 
table 90 193 401 522 0.74 
