chair 238 59 393 235 1.00 
chair 626 83 835 268 1.00 
chair 356 26 438 188 1.00 
chair 574 29 677 103 1.00 
chair 260 104 496 378 1.00 
chair 498 44 636 188 1.00 
table 340 62 696 273 0.99 
chair 512 16 622 67 0.99 
table 413 103 840 577 0.88 
chair 542 222 821 589 0.53 
chair 238 59 393 235 1.00 
chair 626 83 835 268 1.00 
chair 356 26 438 188 1.00 
chair 574 29 677 103 1.00 
chair 260 104 496 378 1.00 
chair 498 44 636 188 1.00 
table 340 62 696 273 0.99 
chair 512 16 622 67 0.99 
table 413 103 840 577 0.88 
chair 542 222 821 589 0.53 
