chair 512 174 698 409 1.00 
chair 356 135 467 285 1.00 
chair 236 108 336 220 1.00 
chair 147 258 412 607 1.00 
chair 727 129 823 244 1.00 
chair 595 133 663 197 0.99 
chair 662 141 742 235 0.99 
chair 290 126 386 251 0.99 
chair 468 153 557 349 0.99 
chair 30 183 217 408 0.99 
chair 105 213 272 468 0.99 
table 87 136 694 597 0.98 
chair 2 160 98 301 0.98 
chair 324 132 421 271 0.73 
chair 512 174 698 409 1.00 
chair 356 135 467 285 1.00 
chair 236 108 336 220 1.00 
chair 147 258 412 607 1.00 
chair 727 129 823 244 1.00 
chair 595 133 663 197 0.99 
chair 662 141 742 235 0.99 
chair 290 126 386 251 0.99 
chair 468 153 557 349 0.99 
chair 30 183 217 408 0.99 
chair 105 213 272 468 0.99 
table 87 136 694 597 0.98 
chair 2 160 98 301 0.98 
chair 324 132 421 271 0.73 
