chair 171 165 330 395 1.00 
chair 15 186 226 433 1.00 
chair 379 114 479 236 1.00 
chair 326 319 614 605 1.00 
chair 444 238 662 532 0.99 
chair 277 138 435 288 0.99 
chair 571 188 720 363 0.99 
chair 635 174 745 320 0.99 
chair 529 209 693 427 0.98 
desk 24 174 650 606 0.98 
chair 349 128 458 258 0.95 
chair 215 158 394 327 0.53 
chair 171 165 330 395 1.00 
chair 15 186 226 433 1.00 
chair 379 114 479 236 1.00 
chair 326 319 614 605 1.00 
chair 444 238 662 532 0.99 
chair 277 138 435 288 0.99 
chair 571 188 720 363 0.99 
chair 635 174 745 320 0.99 
chair 529 209 693 427 0.98 
desk 24 174 650 606 0.98 
chair 349 128 458 258 0.95 
chair 215 158 394 327 0.53 
