chair 435 150 572 266 1.00 
chair 283 167 429 364 1.00 
chair 104 183 287 385 1.00 
chair 547 86 645 226 1.00 
chair 621 76 719 209 1.00 
chair 704 62 829 182 1.00 
chair 454 81 533 149 1.00 
chair 673 124 818 243 1.00 
chair 599 230 836 451 1.00 
chair 540 76 598 142 0.99 
chair 388 259 617 490 0.99 
chair 548 132 689 317 0.99 
chair 616 71 677 135 0.99 
chair 776 137 835 274 0.92 
chair 662 89 789 219 0.57 
chair 435 150 572 266 1.00 
chair 283 167 429 364 1.00 
chair 104 183 287 385 1.00 
chair 547 86 645 226 1.00 
chair 621 76 719 209 1.00 
chair 704 62 829 182 1.00 
chair 454 81 533 149 1.00 
chair 673 124 818 243 1.00 
chair 599 230 836 451 1.00 
chair 540 76 598 142 0.99 
chair 388 259 617 490 0.99 
chair 548 132 689 317 0.99 
chair 616 71 677 135 0.99 
chair 776 137 835 274 0.92 
chair 662 89 789 219 0.57 
