chair 522 134 598 237 1.00 
chair 71 245 307 521 1.00 
chair 392 196 538 371 1.00 
chair 693 135 757 193 1.00 
chair 647 189 707 323 0.99 
table 563 130 821 242 0.99 
table 671 262 833 434 0.97 
chair 758 230 834 440 0.88 
table 647 196 832 313 0.62 
chair 522 134 598 237 1.00 
chair 71 245 307 521 1.00 
chair 392 196 538 371 1.00 
chair 693 135 757 193 1.00 
chair 647 189 707 323 0.99 
table 563 130 821 242 0.99 
table 671 262 833 434 0.97 
chair 758 230 834 440 0.88 
table 647 196 832 313 0.62 
