chair 532 190 611 298 1.00 
chair 236 214 320 361 1.00 
chair 653 188 752 283 1.00 
chair 305 227 379 354 0.99 
chair 344 193 438 342 0.99 
chair 468 245 774 591 0.99 
chair 182 242 440 611 0.99 
table 257 217 502 380 0.98 
table 530 208 728 329 0.97 
chair 326 220 467 440 0.95 
chair 325 209 417 379 0.81 
chair 496 192 574 311 0.63 
chair 292 235 480 534 0.62 
chair 450 194 505 358 0.57 
chair 532 190 611 298 1.00 
chair 236 214 320 361 1.00 
chair 653 188 752 283 1.00 
chair 305 227 379 354 0.99 
chair 344 193 438 342 0.99 
chair 468 245 774 591 0.99 
chair 182 242 440 611 0.99 
table 257 217 502 380 0.98 
table 530 208 728 329 0.97 
chair 326 220 467 440 0.95 
chair 325 209 417 379 0.81 
chair 496 192 574 311 0.63 
chair 292 235 480 534 0.62 
chair 450 194 505 358 0.57 
