chair 562 25 725 200 0.99 
chair 338 16 452 156 0.99 
chair 0 82 145 390 0.99 
chair 363 136 585 439 0.99 
chair 481 91 634 266 0.96 
chair 58 49 278 195 0.95 
chair 218 48 362 140 0.95 
chair 408 2 531 150 0.94 
chair 210 172 558 578 0.92 
chair 530 72 669 248 0.84 
table 50 52 609 410 0.82 
table 25 19 392 228 0.81 
chair 421 106 601 336 0.78 
table 178 23 409 146 0.53 
table 172 1 503 180 0.52 
chair 396 0 535 149 0.99 
chair 237 208 528 572 0.98 
chair 379 154 585 424 0.98 
chair 532 78 668 253 0.98 
chair 560 39 699 227 0.98 
chair 4 99 140 381 0.96 
chair 221 38 362 150 0.94 
chair 348 6 496 167 0.92 
chair 55 51 278 191 0.86 
chair 425 107 605 320 0.81 
desk 63 43 618 492 0.79 
chair 475 94 640 262 0.77 
table 0 22 382 345 0.64 
chair 305 26 452 166 0.57 
chair 155 45 323 163 0.51 
chair 562 25 725 200 0.99 
chair 338 16 452 156 0.99 
chair 0 82 145 390 0.99 
chair 363 136 585 439 0.99 
chair 481 91 634 266 0.96 
chair 58 49 278 195 0.95 
chair 218 48 362 140 0.95 
chair 408 2 531 150 0.94 
chair 210 172 558 578 0.92 
chair 530 72 669 248 0.84 
table 50 52 609 410 0.82 
table 25 19 392 228 0.81 
chair 421 106 601 336 0.78 
table 178 23 409 146 0.53 
table 172 1 503 180 0.52 
