chair 395 166 461 256 1.00 
chair 462 186 546 295 1.00 
chair 98 174 182 254 1.00 
chair 245 241 428 543 1.00 
chair 658 244 835 488 1.00 
table 4 245 348 608 1.00 
chair 546 196 629 321 1.00 
chair 634 224 782 397 0.99 
chair 764 238 835 423 0.94 
table 567 227 718 340 0.93 
chair 395 166 461 256 1.00 
chair 462 186 546 295 1.00 
chair 98 174 182 254 1.00 
chair 245 241 428 543 1.00 
chair 658 244 835 488 1.00 
table 4 245 348 608 1.00 
chair 546 196 629 321 1.00 
chair 634 224 782 397 0.99 
chair 764 238 835 423 0.94 
table 567 227 718 340 0.93 
