chair 580 84 669 219 0.99 
chair 279 87 368 221 0.99 
chair 437 130 618 377 0.98 
table 304 172 627 544 0.98 
chair 573 107 714 301 0.98 
chair 399 90 482 163 0.97 
chair 492 103 605 269 0.96 
chair 529 80 580 156 0.96 
chair 157 185 427 475 0.89 
chair 126 99 255 261 0.82 
chair 24 145 216 391 0.80 
chair 536 99 643 267 0.73 
chair 159 249 457 604 0.65 
chair 27 98 125 243 0.53 
table 112 141 357 352 0.53 
chair 580 84 669 219 0.99 
chair 279 87 368 221 0.99 
chair 437 130 618 377 0.98 
table 304 172 627 544 0.98 
chair 573 107 714 301 0.98 
chair 399 90 482 163 0.97 
chair 492 103 605 269 0.96 
chair 529 80 580 156 0.96 
chair 157 185 427 475 0.89 
chair 126 99 255 261 0.82 
chair 24 145 216 391 0.80 
chair 536 99 643 267 0.73 
chair 159 249 457 604 0.65 
chair 27 98 125 243 0.53 
table 112 141 357 352 0.53 
