chair 262 245 439 450 1.00 
chair 608 95 710 224 1.00 
chair 107 307 420 606 1.00 
chair 519 111 626 231 1.00 
chair 680 100 783 226 1.00 
chair 101 170 254 372 1.00 
chair 423 221 609 432 1.00 
chair 392 286 676 607 0.99 
chair 713 169 836 359 0.99 
chair 388 130 493 253 0.99 
chair 258 152 378 246 0.98 
chair 176 259 432 526 0.55 
chair 262 245 439 450 1.00 
chair 608 95 710 224 1.00 
chair 107 307 420 606 1.00 
chair 519 111 626 231 1.00 
chair 680 100 783 226 1.00 
chair 101 170 254 372 1.00 
chair 423 221 609 432 1.00 
chair 392 286 676 607 0.99 
chair 713 169 836 359 0.99 
chair 388 130 493 253 0.99 
chair 258 152 378 246 0.98 
chair 176 259 432 526 0.55 
