chair 357 178 402 262 1.00 
chair 625 155 727 272 1.00 
chair 140 212 235 331 1.00 
chair 415 184 552 343 1.00 
chair 271 188 351 306 1.00 
chair 653 245 833 534 1.00 
table 395 201 803 519 1.00 
table 661 196 834 281 0.98 
chair 709 214 840 451 0.98 
table 131 200 360 310 0.98 
table 0 225 151 363 0.97 
table 675 203 834 350 0.54 
chair 357 178 402 262 1.00 
chair 625 155 727 272 1.00 
chair 140 212 235 331 1.00 
chair 415 184 552 343 1.00 
chair 271 188 351 306 1.00 
chair 653 245 833 534 1.00 
table 395 201 803 519 1.00 
table 661 196 834 281 0.98 
chair 709 214 840 451 0.98 
table 131 200 360 310 0.98 
table 0 225 151 363 0.97 
table 675 203 834 350 0.54 
