chair 484 140 575 244 1.00 
chair 462 240 662 531 1.00 
chair 655 162 726 270 0.99 
chair 271 192 354 320 0.99 
chair 358 178 477 286 0.98 
chair 254 171 312 291 0.98 
chair 550 144 637 239 0.98 
chair 423 156 490 227 0.98 
chair 704 228 835 485 0.96 
chair 348 202 487 397 0.95 
chair 545 184 626 335 0.91 
table 345 222 564 480 0.91 
chair 342 165 408 280 0.89 
chair 361 162 422 199 0.81 
table 645 217 798 426 0.81 
table 500 215 719 449 0.80 
chair 662 185 767 315 0.50 
chair 484 140 575 244 1.00 
chair 462 240 662 531 1.00 
chair 655 162 726 270 0.99 
chair 271 192 354 320 0.99 
chair 358 178 477 286 0.98 
chair 254 171 312 291 0.98 
chair 550 144 637 239 0.98 
chair 423 156 490 227 0.98 
chair 704 228 835 485 0.96 
chair 348 202 487 397 0.95 
chair 545 184 626 335 0.91 
table 345 222 564 480 0.91 
chair 342 165 408 280 0.89 
chair 361 162 422 199 0.81 
table 645 217 798 426 0.81 
table 500 215 719 449 0.80 
chair 662 185 767 315 0.50 
