chair 467 212 546 337 1.00 
chair 362 241 509 484 1.00 
table 302 234 709 485 1.00 
chair 421 229 497 302 0.99 
chair 584 226 693 418 0.98 
chair 339 224 419 318 0.98 
chair 505 238 688 482 0.97 
chair 305 244 359 389 0.95 
chair 537 222 602 383 0.95 
chair 339 240 455 421 0.88 
chair 298 255 342 364 0.82 
chair 319 240 388 375 0.61 
chair 467 212 546 337 1.00 
chair 362 241 509 484 1.00 
table 302 234 709 485 1.00 
chair 421 229 497 302 0.99 
chair 584 226 693 418 0.98 
chair 339 224 419 318 0.98 
chair 505 238 688 482 0.97 
chair 305 244 359 389 0.95 
chair 537 222 602 383 0.95 
chair 339 240 455 421 0.88 
chair 298 255 342 364 0.82 
chair 319 240 388 375 0.61 
