chair 314 173 612 598 1.00 
chair 651 179 830 508 0.99 
table 207 213 788 565 0.99 
chair 516 170 757 526 0.99 
chair 710 151 832 380 0.95 
chair 4 189 263 587 0.94 
chair 504 143 645 300 0.91 
table 264 182 456 277 0.90 
chair 256 150 430 459 0.90 
chair 402 139 525 326 0.89 
table 3 170 158 375 0.77 
chair 314 173 612 598 1.00 
chair 651 179 830 508 0.99 
table 207 213 788 565 0.99 
chair 516 170 757 526 0.99 
chair 710 151 832 380 0.95 
chair 4 189 263 587 0.94 
chair 504 143 645 300 0.91 
table 264 182 456 277 0.90 
chair 256 150 430 459 0.90 
chair 402 139 525 326 0.89 
table 3 170 158 375 0.77 
