chair 443 116 557 273 1.00 
chair 564 111 685 303 1.00 
chair 348 164 479 460 1.00 
chair 164 81 306 221 1.00 
chair 4 260 284 604 1.00 
table 47 234 558 604 0.99 
chair 465 163 827 606 0.98 
chair 48 138 197 391 0.98 
table 29 119 220 254 0.97 
table 484 166 779 399 0.86 
chair 580 147 831 498 0.55 
chair 443 116 557 273 1.00 
chair 564 111 685 303 1.00 
chair 348 164 479 460 1.00 
chair 164 81 306 221 1.00 
chair 4 260 284 604 1.00 
table 47 234 558 604 0.99 
chair 465 163 827 606 0.98 
chair 48 138 197 391 0.98 
table 29 119 220 254 0.97 
table 484 166 779 399 0.86 
chair 580 147 831 498 0.55 
