chair 227 173 374 335 1.00 
chair 111 178 244 329 1.00 
chair 7 219 325 587 1.00 
chair 433 272 655 531 1.00 
chair 79 108 203 234 0.99 
chair 415 208 570 364 0.99 
chair 6 112 120 194 0.99 
table 148 231 529 524 0.96 
chair 333 287 618 577 0.96 
table 3 165 158 278 0.81 
table 405 178 567 302 0.58 
chair 170 174 319 321 0.54 
chair 5 112 118 191 1.00 
chair 226 176 399 344 1.00 
chair 4 245 325 585 0.99 
chair 74 120 220 235 0.99 
chair 445 251 659 509 0.99 
chair 421 203 567 351 0.98 
chair 111 180 238 331 0.98 
chair 293 286 622 602 0.94 
table 395 164 567 306 0.90 
table 0 156 147 269 0.89 
table 134 241 466 515 0.78 
table 247 237 542 493 0.52 
chair 227 173 374 335 1.00 
chair 111 178 244 329 1.00 
chair 7 219 325 587 1.00 
chair 433 272 655 531 1.00 
chair 79 108 203 234 0.99 
chair 415 208 570 364 0.99 
chair 6 112 120 194 0.99 
table 148 231 529 524 0.96 
chair 333 287 618 577 0.96 
table 3 165 158 278 0.81 
table 405 178 567 302 0.58 
chair 170 174 319 321 0.54 
