chair 414 110 584 333 1.00 
chair 614 125 729 230 0.99 
chair 168 106 439 450 0.99 
chair 378 185 727 599 0.98 
chair 0 241 334 602 0.98 
chair 650 185 834 481 0.98 
table 58 176 694 597 0.94 
chair 324 115 478 251 0.75 
chair 422 156 687 471 0.63 
chair 507 171 775 534 0.61 
chair 414 110 584 333 1.00 
chair 614 125 729 230 0.99 
chair 168 106 439 450 0.99 
chair 378 185 727 599 0.98 
chair 0 241 334 602 0.98 
chair 650 185 834 481 0.98 
table 58 176 694 597 0.94 
chair 324 115 478 251 0.75 
chair 422 156 687 471 0.63 
chair 507 171 775 534 0.61 
