chair 435 167 586 462 1.00 
chair 341 218 721 602 0.99 
chair 149 121 311 425 0.99 
chair 416 182 526 340 0.99 
chair 636 267 769 411 0.99 
chair 744 319 835 462 0.98 
chair 272 137 378 371 0.98 
table 136 169 580 584 0.97 
table 689 254 838 408 0.95 
chair 145 142 380 547 0.81 
chair 380 180 634 517 0.52 
chair 435 167 586 462 1.00 
chair 341 218 721 602 0.99 
chair 149 121 311 425 0.99 
chair 416 182 526 340 0.99 
chair 636 267 769 411 0.99 
chair 744 319 835 462 0.98 
chair 272 137 378 371 0.98 
table 136 169 580 584 0.97 
table 689 254 838 408 0.95 
chair 145 142 380 547 0.81 
chair 380 180 634 517 0.52 
