chair 163 199 257 321 1.00 
chair 636 155 719 235 1.00 
desk 242 187 324 264 1.00 
chair 262 207 480 523 1.00 
bookshelf 170 20 316 205 0.99 
desk 378 228 748 608 0.95 
chair 675 61 836 368 0.95 
table 566 226 789 490 0.95 
table 635 156 819 416 0.54 
chair 163 199 257 321 1.00 
chair 636 155 719 235 1.00 
desk 242 187 324 264 1.00 
chair 262 207 480 523 1.00 
bookshelf 170 20 316 205 0.99 
desk 378 228 748 608 0.95 
chair 675 61 836 368 0.95 
table 566 226 789 490 0.95 
table 635 156 819 416 0.54 
