chair 488 82 593 191 1.00 
chair 239 209 435 488 0.99 
chair 763 69 835 239 0.98 
chair 482 131 585 339 0.98 
desk 47 193 453 536 0.97 
chair 97 143 244 302 0.97 
desk 434 195 563 390 0.95 
desk 563 88 732 266 0.95 
desk 33 184 323 456 0.93 
desk 12 160 217 299 0.91 
desk 483 110 772 295 0.55 
chair 488 82 593 191 1.00 
chair 239 209 435 488 0.99 
chair 763 69 835 239 0.98 
chair 482 131 585 339 0.98 
desk 47 193 453 536 0.97 
chair 97 143 244 302 0.97 
desk 434 195 563 390 0.95 
desk 563 88 732 266 0.95 
desk 33 184 323 456 0.93 
desk 12 160 217 299 0.91 
desk 483 110 772 295 0.55 
