chair 505 195 601 337 1.00 
chair 403 197 531 377 1.00 
chair 676 215 804 353 1.00 
chair 261 215 405 416 1.00 
chair 600 227 748 476 0.99 
chair 4 238 228 551 0.99 
chair 479 241 680 507 0.99 
chair 12 195 119 325 0.98 
chair 202 277 522 606 0.95 
table 38 244 404 408 0.76 
table 39 259 657 572 0.66 
chair 505 195 601 337 1.00 
chair 403 197 531 377 1.00 
chair 676 215 804 353 1.00 
chair 261 215 405 416 1.00 
chair 600 227 748 476 0.99 
chair 4 238 228 551 0.99 
chair 479 241 680 507 0.99 
chair 12 195 119 325 0.98 
chair 202 277 522 606 0.95 
table 38 244 404 408 0.76 
table 39 259 657 572 0.66 
