chair 266 174 381 283 1.00 
table 165 209 700 580 1.00 
chair 119 226 372 579 1.00 
chair 556 205 735 460 1.00 
chair 367 174 470 263 1.00 
chair 121 203 275 385 1.00 
chair 53 194 143 303 0.99 
chair 1 214 89 401 0.99 
chair 380 191 496 406 0.98 
table 30 188 421 365 0.97 
chair 180 179 293 293 0.95 
chair 614 186 710 329 0.53 
chair 266 174 381 283 1.00 
table 165 209 700 580 1.00 
chair 119 226 372 579 1.00 
chair 556 205 735 460 1.00 
chair 367 174 470 263 1.00 
chair 121 203 275 385 1.00 
chair 53 194 143 303 0.99 
chair 1 214 89 401 0.99 
chair 380 191 496 406 0.98 
table 30 188 421 365 0.97 
chair 180 179 293 293 0.95 
chair 614 186 710 329 0.53 
