chair 205 230 445 385 1.00 
chair 3 366 343 609 1.00 
chair 45 212 267 354 1.00 
chair 648 119 760 235 1.00 
chair 483 121 556 212 1.00 
chair 2 194 127 318 1.00 
chair 760 177 838 309 1.00 
chair 352 174 499 271 1.00 
chair 565 112 686 237 1.00 
chair 225 165 370 304 1.00 
chair 131 156 252 276 1.00 
chair 1 346 84 531 0.97 
chair 768 247 834 448 0.96 
chair 511 121 584 213 0.63 
chair 298 158 447 271 0.51 
chair 205 230 445 385 1.00 
chair 3 366 343 609 1.00 
chair 45 212 267 354 1.00 
chair 648 119 760 235 1.00 
chair 483 121 556 212 1.00 
chair 2 194 127 318 1.00 
chair 760 177 838 309 1.00 
chair 352 174 499 271 1.00 
chair 565 112 686 237 1.00 
chair 225 165 370 304 1.00 
chair 131 156 252 276 1.00 
chair 1 346 84 531 0.97 
chair 768 247 834 448 0.96 
chair 511 121 584 213 0.63 
chair 298 158 447 271 0.51 
