chair 498 166 619 256 1.00 
chair 680 186 803 257 1.00 
chair 537 265 829 485 1.00 
chair 63 218 238 459 1.00 
chair 484 147 582 209 1.00 
chair 706 218 830 322 1.00 
chair 509 206 717 375 0.99 
chair 615 146 713 204 0.99 
chair 657 169 771 248 0.98 
table 23 182 332 525 0.94 
chair 500 196 686 308 0.85 
chair 655 151 746 226 0.81 
chair 758 249 833 477 0.79 
chair 521 180 650 272 0.73 
chair 614 159 733 237 0.64 
chair 498 166 619 256 1.00 
chair 680 186 803 257 1.00 
chair 537 265 829 485 1.00 
chair 63 218 238 459 1.00 
chair 484 147 582 209 1.00 
chair 706 218 830 322 1.00 
chair 509 206 717 375 0.99 
chair 615 146 713 204 0.99 
chair 657 169 771 248 0.98 
table 23 182 332 525 0.94 
chair 500 196 686 308 0.85 
chair 655 151 746 226 0.81 
chair 758 249 833 477 0.79 
chair 521 180 650 272 0.73 
chair 614 159 733 237 0.64 
