chair 38 181 280 499 1.00 
chair 217 155 399 433 0.99 
chair 648 255 774 412 0.99 
chair 395 70 494 181 0.99 
chair 443 88 537 189 0.99 
chair 2 22 131 217 0.99 
chair 614 88 709 196 0.99 
chair 523 107 618 192 0.98 
chair 345 127 484 237 0.98 
chair 75 28 217 204 0.98 
chair 154 31 269 184 0.98 
chair 237 41 345 173 0.98 
chair 560 104 646 180 0.97 
chair 335 80 435 207 0.97 
chair 435 113 551 223 0.97 
chair 716 215 822 311 0.97 
chair 54 65 232 261 0.96 
chair 493 323 705 606 0.96 
chair 585 92 686 225 0.96 
chair 674 229 805 384 0.95 
chair 250 68 388 234 0.95 
chair 483 57 576 165 0.94 
desk 194 178 711 609 0.90 
chair 206 90 298 252 0.88 
desk 11 52 526 279 0.83 
chair 358 342 652 601 0.80 
desk 23 81 373 356 0.77 
chair 494 83 597 188 0.69 
chair 1 101 71 320 0.56 
chair 366 78 481 217 0.53 
chair 519 111 627 255 0.53 
chair 38 181 280 499 1.00 
chair 217 155 399 433 0.99 
chair 648 255 774 412 0.99 
chair 395 70 494 181 0.99 
chair 443 88 537 189 0.99 
chair 2 22 131 217 0.99 
chair 614 88 709 196 0.99 
chair 523 107 618 192 0.98 
chair 345 127 484 237 0.98 
chair 75 28 217 204 0.98 
chair 154 31 269 184 0.98 
chair 237 41 345 173 0.98 
chair 560 104 646 180 0.97 
chair 335 80 435 207 0.97 
chair 435 113 551 223 0.97 
chair 716 215 822 311 0.97 
chair 54 65 232 261 0.96 
chair 493 323 705 606 0.96 
chair 585 92 686 225 0.96 
chair 674 229 805 384 0.95 
chair 250 68 388 234 0.95 
chair 483 57 576 165 0.94 
desk 194 178 711 609 0.90 
chair 206 90 298 252 0.88 
desk 11 52 526 279 0.83 
chair 358 342 652 601 0.80 
desk 23 81 373 356 0.77 
chair 494 83 597 188 0.69 
chair 1 101 71 320 0.56 
chair 366 78 481 217 0.53 
chair 519 111 627 255 0.53 
