chair 455 19 582 158 1.00 
table 318 317 833 605 1.00 
chair 292 354 540 607 1.00 
chair 708 0 835 152 1.00 
chair 74 237 153 385 1.00 
chair 562 0 718 155 0.99 
chair 676 199 788 347 0.99 
chair 8 236 80 363 0.99 
table 15 299 321 567 0.97 
chair 423 225 544 297 0.97 
chair 455 271 638 534 0.94 
table 1 250 138 422 0.86 
chair 248 267 303 349 0.68 
chair 455 19 582 158 1.00 
table 318 317 833 605 1.00 
chair 292 354 540 607 1.00 
chair 708 0 835 152 1.00 
chair 74 237 153 385 1.00 
chair 562 0 718 155 0.99 
chair 676 199 788 347 0.99 
chair 8 236 80 363 0.99 
table 15 299 321 567 0.97 
chair 423 225 544 297 0.97 
chair 455 271 638 534 0.94 
table 1 250 138 422 0.86 
chair 248 267 303 349 0.68 
