chair 630 269 774 514 1.00 
chair 604 5 791 196 1.00 
chair 437 268 617 539 1.00 
chair 362 254 487 474 1.00 
chair 160 238 273 445 1.00 
chair 315 3 465 191 1.00 
chair 247 255 387 472 0.99 
chair 449 3 606 184 0.97 
chair 47 238 162 450 0.96 
chair 622 413 769 515 0.75 
chair 630 269 774 514 1.00 
chair 604 5 791 196 1.00 
chair 437 268 617 539 1.00 
chair 362 254 487 474 1.00 
chair 160 238 273 445 1.00 
chair 315 3 465 191 1.00 
chair 247 255 387 472 0.99 
chair 449 3 606 184 0.97 
chair 47 238 162 450 0.96 
chair 622 413 769 515 0.75 
