chair 512 224 694 405 1.00 
chair 281 254 508 540 0.99 
chair 345 95 415 147 0.99 
chair 618 170 802 350 0.99 
chair 441 136 527 223 0.99 
chair 330 145 432 236 0.99 
table 226 97 467 228 0.99 
table 495 195 836 484 0.99 
table 111 134 255 240 0.98 
table 346 227 742 552 0.98 
table 334 140 628 266 0.91 
table 127 160 366 371 0.88 
chair 166 158 318 296 0.79 
table 167 122 438 275 0.72 
chair 423 129 560 245 0.67 
chair 512 224 694 405 1.00 
chair 281 254 508 540 0.99 
chair 345 95 415 147 0.99 
chair 618 170 802 350 0.99 
chair 441 136 527 223 0.99 
chair 330 145 432 236 0.99 
table 226 97 467 228 0.99 
table 495 195 836 484 0.99 
table 111 134 255 240 0.98 
table 346 227 742 552 0.98 
table 334 140 628 266 0.91 
table 127 160 366 371 0.88 
chair 166 158 318 296 0.79 
table 167 122 438 275 0.72 
chair 423 129 560 245 0.67 
