chair 162 69 299 251 1.00 
chair 113 61 224 208 1.00 
chair 314 110 500 375 1.00 
chair 252 94 361 190 1.00 
chair 9 246 208 506 1.00 
chair 417 125 650 498 1.00 
chair 4 215 145 390 1.00 
chair 61 261 302 590 0.98 
desk 53 122 525 618 0.95 
chair 194 82 337 214 0.88 
chair 162 69 299 251 1.00 
chair 113 61 224 208 1.00 
chair 314 110 500 375 1.00 
chair 252 94 361 190 1.00 
chair 9 246 208 506 1.00 
chair 417 125 650 498 1.00 
chair 4 215 145 390 1.00 
chair 61 261 302 590 0.98 
desk 53 122 525 618 0.95 
chair 194 82 337 214 0.88 
