chair 271 231 405 422 1.00 
chair 392 151 482 294 1.00 
chair 581 176 696 372 0.99 
desk 469 87 826 210 0.99 
chair 379 263 541 496 0.99 
desk 66 282 422 600 0.96 
desk 373 114 781 326 0.96 
chair 463 140 584 295 0.96 
desk 526 71 816 165 0.88 
desk 283 171 795 576 0.87 
chair 56 217 267 300 0.76 
chair 271 231 405 422 1.00 
chair 392 151 482 294 1.00 
chair 581 176 696 372 0.99 
desk 469 87 826 210 0.99 
chair 379 263 541 496 0.99 
desk 66 282 422 600 0.96 
desk 373 114 781 326 0.96 
chair 463 140 584 295 0.96 
desk 526 71 816 165 0.88 
desk 283 171 795 576 0.87 
chair 56 217 267 300 0.76 
