chair 325 87 399 183 1.00 
chair 479 120 572 241 1.00 
chair 382 331 721 608 1.00 
chair 212 191 420 443 1.00 
chair 0 103 69 213 1.00 
chair 497 171 644 327 1.00 
chair 65 97 185 207 1.00 
chair 175 101 261 198 1.00 
chair 358 182 540 381 0.99 
chair 374 123 491 261 0.99 
chair 445 88 510 170 0.99 
chair 191 136 313 302 0.99 
chair 508 87 592 170 0.99 
chair 251 87 349 171 0.99 
chair 395 93 487 171 0.98 
chair 565 112 714 223 0.98 
chair 578 278 827 589 0.97 
chair 288 129 409 275 0.97 
chair 695 147 816 266 0.96 
chair 739 241 834 508 0.92 
chair 586 163 791 331 0.91 
chair 298 117 394 196 0.90 
chair 230 134 370 281 0.81 
chair 377 111 494 196 0.62 
chair 325 87 399 183 1.00 
chair 479 120 572 241 1.00 
chair 382 331 721 608 1.00 
chair 212 191 420 443 1.00 
chair 0 103 69 213 1.00 
chair 497 171 644 327 1.00 
chair 65 97 185 207 1.00 
chair 175 101 261 198 1.00 
chair 358 182 540 381 0.99 
chair 374 123 491 261 0.99 
chair 445 88 510 170 0.99 
chair 191 136 313 302 0.99 
chair 508 87 592 170 0.99 
chair 251 87 349 171 0.99 
chair 395 93 487 171 0.98 
chair 565 112 714 223 0.98 
chair 578 278 827 589 0.97 
chair 288 129 409 275 0.97 
chair 695 147 816 266 0.96 
chair 739 241 834 508 0.92 
chair 586 163 791 331 0.91 
chair 298 117 394 196 0.90 
chair 230 134 370 281 0.81 
chair 377 111 494 196 0.62 
