chair 257 183 463 349 1.00 
chair 607 150 770 315 1.00 
chair 422 105 505 244 0.99 
chair 577 138 662 258 0.99 
chair 2 207 263 334 0.99 
chair 85 94 277 285 0.99 
chair 305 152 435 278 0.98 
chair 503 159 687 312 0.98 
table 3 306 492 608 0.97 
table 602 401 835 611 0.97 
chair 597 153 707 279 0.50 
chair 257 183 463 349 1.00 
chair 607 150 770 315 1.00 
chair 422 105 505 244 0.99 
chair 577 138 662 258 0.99 
chair 2 207 263 334 0.99 
chair 85 94 277 285 0.99 
chair 305 152 435 278 0.98 
chair 503 159 687 312 0.98 
table 3 306 492 608 0.97 
table 602 401 835 611 0.97 
chair 597 153 707 279 0.50 
