chair 507 182 613 314 1.00 
chair 480 151 549 250 0.99 
chair 667 199 773 315 0.98 
chair 460 146 515 218 0.98 
chair 140 230 309 444 0.96 
chair 706 206 826 384 0.96 
chair 500 227 664 417 0.94 
chair 597 152 690 239 0.94 
table 561 147 714 295 0.92 
chair 762 162 835 284 0.92 
table 413 146 533 275 0.91 
table 678 156 816 268 0.91 
chair 737 157 812 244 0.90 
table 129 202 365 514 0.90 
table 596 160 803 341 0.82 
chair 624 164 714 245 0.80 
chair 507 182 613 314 1.00 
chair 480 151 549 250 0.99 
chair 667 199 773 315 0.98 
chair 460 146 515 218 0.98 
chair 140 230 309 444 0.96 
chair 706 206 826 384 0.96 
chair 500 227 664 417 0.94 
chair 597 152 690 239 0.94 
table 561 147 714 295 0.92 
chair 762 162 835 284 0.92 
table 413 146 533 275 0.91 
table 678 156 816 268 0.91 
chair 737 157 812 244 0.90 
table 129 202 365 514 0.90 
table 596 160 803 341 0.82 
chair 624 164 714 245 0.80 
