chair 263 245 411 411 1.00 
chair 361 235 498 381 1.00 
chair 127 269 280 340 0.99 
chair 520 217 632 340 0.99 
chair 490 155 577 245 0.99 
chair 0 281 145 513 0.98 
chair 588 207 697 317 0.98 
chair 56 172 200 314 0.98 
chair 349 158 452 270 0.98 
chair 523 155 601 240 0.96 
chair 137 116 229 232 0.95 
chair 446 227 575 356 0.95 
chair 438 156 529 250 0.94 
chair 664 194 757 294 0.94 
table 47 133 582 276 0.93 
chair 168 160 294 295 0.93 
chair 18 108 140 244 0.89 
chair 2 176 74 326 0.80 
chair 570 151 653 240 0.75 
table 30 250 815 598 0.72 
chair 134 223 285 330 0.71 
chair 268 146 362 261 0.71 
table 295 152 685 298 0.63 
chair 343 136 431 238 0.63 
chair 410 146 497 244 0.62 
chair 625 203 722 306 0.61 
chair 196 129 292 246 0.57 
chair 417 173 514 281 0.56 
chair 518 190 615 284 0.55 
chair 263 245 411 411 1.00 
chair 361 235 498 381 1.00 
chair 127 269 280 340 0.99 
chair 520 217 632 340 0.99 
chair 490 155 577 245 0.99 
chair 0 281 145 513 0.98 
chair 588 207 697 317 0.98 
chair 56 172 200 314 0.98 
chair 349 158 452 270 0.98 
chair 523 155 601 240 0.96 
chair 137 116 229 232 0.95 
chair 446 227 575 356 0.95 
chair 438 156 529 250 0.94 
chair 664 194 757 294 0.94 
table 47 133 582 276 0.93 
chair 168 160 294 295 0.93 
chair 18 108 140 244 0.89 
chair 2 176 74 326 0.80 
chair 570 151 653 240 0.75 
table 30 250 815 598 0.72 
chair 134 223 285 330 0.71 
chair 268 146 362 261 0.71 
table 295 152 685 298 0.63 
chair 343 136 431 238 0.63 
chair 410 146 497 244 0.62 
chair 625 203 722 306 0.61 
chair 196 129 292 246 0.57 
chair 417 173 514 281 0.56 
chair 518 190 615 284 0.55 
