chair 444 156 574 260 1.00 
chair 540 129 629 219 1.00 
chair 366 143 471 243 1.00 
chair 424 197 629 390 1.00 
chair 95 136 221 221 1.00 
chair 540 172 675 294 1.00 
chair 621 149 720 218 1.00 
chair 17 186 212 349 1.00 
chair 1 307 191 605 1.00 
chair 482 129 541 180 1.00 
chair 309 178 480 335 1.00 
chair 242 229 497 426 0.99 
chair 142 149 302 288 0.99 
chair 87 214 329 434 0.99 
chair 3 175 138 295 0.99 
chair 289 131 393 188 0.99 
chair 200 156 362 291 0.98 
chair 441 181 599 321 0.79 
chair 496 168 649 323 0.67 
chair 68 170 262 331 0.54 
chair 542 127 641 224 1.00 
chair 369 144 480 239 1.00 
chair 424 206 626 394 1.00 
chair 1 300 184 613 1.00 
chair 542 165 676 301 0.99 
chair 310 184 485 332 0.99 
chair 2 167 140 302 0.99 
chair 438 153 577 269 0.99 
chair 148 142 285 286 0.98 
chair 624 148 725 225 0.98 
chair 234 237 485 422 0.97 
chair 89 213 342 435 0.97 
chair 209 151 354 292 0.97 
chair 95 137 229 222 0.96 
chair 7 187 226 373 0.92 
chair 272 128 398 191 0.87 
chair 484 131 552 178 0.86 
chair 380 193 569 359 0.80 
chair 259 136 396 232 0.60 
chair 252 192 436 344 0.58 
chair 65 165 251 324 0.51 
chair 444 156 574 260 1.00 
chair 540 129 629 219 1.00 
chair 366 143 471 243 1.00 
chair 424 197 629 390 1.00 
chair 95 136 221 221 1.00 
chair 540 172 675 294 1.00 
chair 621 149 720 218 1.00 
chair 17 186 212 349 1.00 
chair 1 307 191 605 1.00 
chair 482 129 541 180 1.00 
chair 309 178 480 335 1.00 
chair 242 229 497 426 0.99 
chair 142 149 302 288 0.99 
chair 87 214 329 434 0.99 
chair 3 175 138 295 0.99 
chair 289 131 393 188 0.99 
chair 200 156 362 291 0.98 
chair 441 181 599 321 0.79 
chair 496 168 649 323 0.67 
chair 68 170 262 331 0.54 
