chair 2 116 167 330 1.00 
chair 330 101 406 246 1.00 
chair 284 185 387 318 1.00 
chair 65 85 225 262 0.99 
table 0 3 272 144 0.97 
chair 157 177 373 403 0.96 
table 388 75 668 591 0.95 
chair 131 70 258 211 0.95 
table 28 24 372 427 0.92 
table 39 23 349 219 0.89 
chair 37 276 329 614 0.85 
table 107 38 385 303 0.61 
table 25 31 221 178 0.61 
chair 2 116 167 330 1.00 
chair 330 101 406 246 1.00 
chair 284 185 387 318 1.00 
chair 65 85 225 262 0.99 
table 0 3 272 144 0.97 
chair 157 177 373 403 0.96 
table 388 75 668 591 0.95 
chair 131 70 258 211 0.95 
table 28 24 372 427 0.92 
table 39 23 349 219 0.89 
chair 37 276 329 614 0.85 
table 107 38 385 303 0.61 
table 25 31 221 178 0.61 
