chair 468 277 615 547 1.00 
chair 556 207 630 274 1.00 
chair 333 303 507 602 1.00 
chair 310 274 455 534 1.00 
chair 248 225 334 347 1.00 
chair 651 216 754 387 0.99 
chair 412 238 545 448 0.98 
chair 0 274 71 406 0.98 
table 224 256 643 596 0.97 
chair 0 285 106 440 0.96 
chair 355 216 440 343 0.95 
chair 374 224 471 362 0.78 
table 680 239 830 418 0.68 
chair 332 204 417 330 0.62 
chair 438 261 586 480 0.59 
chair 294 256 417 469 0.55 
chair 468 277 615 547 1.00 
chair 556 207 630 274 1.00 
chair 333 303 507 602 1.00 
chair 310 274 455 534 1.00 
chair 248 225 334 347 1.00 
chair 651 216 754 387 0.99 
chair 412 238 545 448 0.98 
chair 0 274 71 406 0.98 
table 224 256 643 596 0.97 
chair 0 285 106 440 0.96 
chair 355 216 440 343 0.95 
chair 374 224 471 362 0.78 
table 680 239 830 418 0.68 
chair 332 204 417 330 0.62 
chair 438 261 586 480 0.59 
chair 294 256 417 469 0.55 
