chair 38 132 234 406 1.00 
chair 334 63 462 171 1.00 
chair 423 131 625 294 0.99 
chair 185 154 556 582 0.99 
chair 213 84 376 312 0.99 
chair 164 29 269 116 0.98 
chair 76 46 199 128 0.96 
table 405 216 817 609 0.95 
table 37 31 322 151 0.94 
table 192 62 538 285 0.92 
table 1 113 325 466 0.87 
table 583 116 828 291 0.82 
chair 0 89 64 283 0.80 
table 0 67 115 278 0.63 
table 96 135 461 505 0.54 
chair 38 132 234 406 1.00 
chair 334 63 462 171 1.00 
chair 423 131 625 294 0.99 
chair 185 154 556 582 0.99 
chair 213 84 376 312 0.99 
chair 164 29 269 116 0.98 
chair 76 46 199 128 0.96 
table 405 216 817 609 0.95 
table 37 31 322 151 0.94 
table 192 62 538 285 0.92 
table 1 113 325 466 0.87 
table 583 116 828 291 0.82 
chair 0 89 64 283 0.80 
table 0 67 115 278 0.63 
table 96 135 461 505 0.54 
