chair 130 269 293 533 1.00 
chair 451 379 679 605 0.99 
chair 370 134 518 319 0.99 
desk 149 149 601 403 0.99 
desk 679 335 828 601 0.99 
chair 662 204 786 471 0.99 
chair 298 196 407 419 0.98 
desk 3 154 334 443 0.97 
chair 584 244 746 572 0.92 
chair 550 319 702 583 0.55 
chair 130 269 293 533 1.00 
chair 451 379 679 605 0.99 
chair 370 134 518 319 0.99 
desk 149 149 601 403 0.99 
desk 679 335 828 601 0.99 
chair 662 204 786 471 0.99 
chair 298 196 407 419 0.98 
desk 3 154 334 443 0.97 
chair 584 244 746 572 0.92 
chair 550 319 702 583 0.55 
