chair 203 122 323 254 1.00 
chair 83 103 192 207 0.99 
chair 385 277 674 599 0.99 
table 268 146 579 314 0.98 
chair 107 132 235 245 0.98 
table 65 111 374 248 0.98 
chair 1 116 94 238 0.97 
table 86 218 440 578 0.96 
chair 17 191 245 501 0.96 
chair 400 139 511 242 0.95 
table 598 312 833 580 0.95 
chair 642 179 825 343 0.94 
table 3 92 222 202 0.92 
chair 309 171 450 340 0.84 
table 0 162 169 411 0.82 
chair 621 212 804 403 0.57 
chair 203 122 323 254 1.00 
chair 83 103 192 207 0.99 
chair 385 277 674 599 0.99 
table 268 146 579 314 0.98 
chair 107 132 235 245 0.98 
table 65 111 374 248 0.98 
chair 1 116 94 238 0.97 
table 86 218 440 578 0.96 
chair 17 191 245 501 0.96 
chair 400 139 511 242 0.95 
table 598 312 833 580 0.95 
chair 642 179 825 343 0.94 
table 3 92 222 202 0.92 
chair 309 171 450 340 0.84 
table 0 162 169 411 0.82 
chair 621 212 804 403 0.57 
