chair 179 77 310 205 1.00 
chair 56 60 163 168 1.00 
chair 127 136 323 345 1.00 
chair 272 120 403 217 0.99 
chair 0 171 207 366 0.99 
chair 87 95 245 234 0.98 
chair 336 99 436 176 0.98 
chair 0 110 141 270 0.97 
chair 1 264 81 532 0.74 
chair 38 99 188 245 0.71 
chair 179 77 310 205 1.00 
chair 56 60 163 168 1.00 
chair 127 136 323 345 1.00 
chair 272 120 403 217 0.99 
chair 0 171 207 366 0.99 
chair 87 95 245 234 0.98 
chair 336 99 436 176 0.98 
chair 0 110 141 270 0.97 
chair 1 264 81 532 0.74 
chair 38 99 188 245 0.71 
