chair 609 208 823 420 0.99 
chair 433 146 581 306 0.99 
chair 178 96 230 168 0.98 
chair 489 246 719 522 0.98 
chair 127 175 293 404 0.97 
chair 234 301 504 582 0.97 
chair 319 156 466 285 0.97 
chair 51 93 159 201 0.95 
table 338 260 762 585 0.95 
chair 225 121 333 269 0.95 
chair 286 95 350 174 0.94 
table 257 155 602 298 0.88 
table 65 136 221 265 0.87 
chair 321 118 446 235 0.85 
table 177 288 665 611 0.82 
table 202 131 494 268 0.79 
table 198 95 361 176 0.66 
chair 74 106 190 230 0.61 
table 100 208 374 440 0.61 
table 83 158 272 337 0.51 
chair 609 208 823 420 0.99 
chair 433 146 581 306 0.99 
chair 178 96 230 168 0.98 
chair 489 246 719 522 0.98 
chair 127 175 293 404 0.97 
chair 234 301 504 582 0.97 
chair 319 156 466 285 0.97 
chair 51 93 159 201 0.95 
table 338 260 762 585 0.95 
chair 225 121 333 269 0.95 
chair 286 95 350 174 0.94 
table 257 155 602 298 0.88 
table 65 136 221 265 0.87 
chair 321 118 446 235 0.85 
table 177 288 665 611 0.82 
table 202 131 494 268 0.79 
table 198 95 361 176 0.66 
chair 74 106 190 230 0.61 
table 100 208 374 440 0.61 
table 83 158 272 337 0.51 
