chair 432 160 522 290 1.00 
table 233 147 423 287 0.99 
chair 515 168 623 322 0.99 
chair 411 208 566 425 0.99 
table 0 252 465 608 0.99 
chair 272 139 352 230 0.98 
chair 281 195 428 295 0.97 
chair 132 173 238 256 0.97 
chair 178 181 288 257 0.96 
chair 0 252 257 531 0.96 
chair 370 160 426 266 0.96 
table 378 174 631 346 0.95 
table 258 194 608 454 0.91 
table 95 175 305 267 0.71 
chair 1 220 134 468 0.66 
chair 432 160 522 290 1.00 
table 233 147 423 287 0.99 
chair 515 168 623 322 0.99 
chair 411 208 566 425 0.99 
table 0 252 465 608 0.99 
chair 272 139 352 230 0.98 
chair 281 195 428 295 0.97 
chair 132 173 238 256 0.97 
chair 178 181 288 257 0.96 
chair 0 252 257 531 0.96 
chair 370 160 426 266 0.96 
table 378 174 631 346 0.95 
table 258 194 608 454 0.91 
table 95 175 305 267 0.71 
chair 1 220 134 468 0.66 
