chair 321 148 407 251 1.00 
chair 338 215 485 467 1.00 
chair 91 11 168 130 1.00 
chair 82 156 160 276 1.00 
chair 429 156 523 283 1.00 
chair 637 199 791 417 1.00 
chair 3 245 71 358 0.99 
table 135 267 630 607 0.99 
chair 380 150 471 277 0.99 
chair 64 305 293 592 0.99 
chair 259 147 331 243 0.99 
chair 388 1 480 108 0.99 
chair 145 181 213 273 0.97 
chair 416 233 642 573 0.96 
chair 588 196 699 337 0.96 
chair 416 2 514 106 0.96 
chair 484 151 593 301 0.95 
chair 370 29 465 119 0.90 
chair 527 177 602 324 0.78 
chair 292 147 370 245 0.61 
chair 12 270 228 495 0.54 
chair 321 148 407 251 1.00 
chair 338 215 485 467 1.00 
chair 91 11 168 130 1.00 
chair 82 156 160 276 1.00 
chair 429 156 523 283 1.00 
chair 637 199 791 417 1.00 
chair 3 245 71 358 0.99 
table 135 267 630 607 0.99 
chair 380 150 471 277 0.99 
chair 64 305 293 592 0.99 
chair 259 147 331 243 0.99 
chair 388 1 480 108 0.99 
chair 145 181 213 273 0.97 
chair 416 233 642 573 0.96 
chair 588 196 699 337 0.96 
chair 416 2 514 106 0.96 
chair 484 151 593 301 0.95 
chair 370 29 465 119 0.90 
chair 527 177 602 324 0.78 
chair 292 147 370 245 0.61 
chair 12 270 228 495 0.54 
