chair 466 189 537 292 1.00 
chair 619 157 720 321 1.00 
chair 693 164 805 323 1.00 
chair 477 3 552 100 1.00 
chair 547 167 619 276 1.00 
chair 474 315 705 612 1.00 
chair 572 2 653 106 0.99 
chair 92 237 230 378 0.99 
chair 342 0 448 109 0.99 
chair 0 275 193 491 0.99 
chair 358 185 453 276 0.99 
table 175 273 590 608 0.98 
chair 453 279 594 590 0.91 
chair 643 8 750 104 0.63 
chair 50 232 135 284 0.60 
chair 466 189 537 292 1.00 
chair 619 157 720 321 1.00 
chair 693 164 805 323 1.00 
chair 477 3 552 100 1.00 
chair 547 167 619 276 1.00 
chair 474 315 705 612 1.00 
chair 572 2 653 106 0.99 
chair 92 237 230 378 0.99 
chair 342 0 448 109 0.99 
chair 0 275 193 491 0.99 
chair 358 185 453 276 0.99 
table 175 273 590 608 0.98 
chair 453 279 594 590 0.91 
chair 643 8 750 104 0.63 
chair 50 232 135 284 0.60 
