chair 129 306 442 590 0.99 
chair 252 83 356 176 0.99 
chair 336 82 504 217 0.99 
chair 497 50 624 174 0.99 
chair 3 142 175 413 0.99 
chair 430 45 533 97 0.98 
table 125 182 560 595 0.98 
chair 0 100 138 333 0.96 
chair 491 118 697 308 0.94 
table 631 84 770 278 0.92 
chair 650 92 765 204 0.92 
table 0 99 335 465 0.90 
table 411 30 634 104 0.90 
table 234 58 570 217 0.89 
table 563 111 746 299 0.61 
chair 129 306 442 590 0.99 
chair 252 83 356 176 0.99 
chair 336 82 504 217 0.99 
chair 497 50 624 174 0.99 
chair 3 142 175 413 0.99 
chair 430 45 533 97 0.98 
table 125 182 560 595 0.98 
chair 0 100 138 333 0.96 
chair 491 118 697 308 0.94 
table 631 84 770 278 0.92 
chair 650 92 765 204 0.92 
table 0 99 335 465 0.90 
table 411 30 634 104 0.90 
table 234 58 570 217 0.89 
table 563 111 746 299 0.61 
