chair 222 60 345 173 1.00 
chair 441 149 713 507 1.00 
chair 360 52 468 246 1.00 
chair 215 113 437 403 1.00 
chair 43 69 168 286 1.00 
chair 82 97 237 326 0.99 
chair 99 54 259 260 0.99 
chair 490 64 575 253 0.99 
chair 394 82 557 270 0.97 
chair 603 68 778 323 0.97 
chair 164 69 334 296 0.71 
chair 222 60 345 173 1.00 
chair 441 149 713 507 1.00 
chair 360 52 468 246 1.00 
chair 215 113 437 403 1.00 
chair 43 69 168 286 1.00 
chair 82 97 237 326 0.99 
chair 99 54 259 260 0.99 
chair 490 64 575 253 0.99 
chair 394 82 557 270 0.97 
chair 603 68 778 323 0.97 
chair 164 69 334 296 0.71 
