chair 57 169 169 234 1.00 
chair 198 178 393 305 1.00 
chair 119 168 272 264 1.00 
table 1 151 279 268 1.00 
chair 398 144 503 195 1.00 
chair 315 204 544 347 0.99 
chair 521 156 633 241 0.99 
chair 338 139 396 191 0.99 
chair 0 249 152 523 0.98 
chair 20 306 379 608 0.93 
table 173 173 578 486 0.93 
table 175 99 604 285 0.91 
chair 229 177 519 317 0.80 
table 62 153 375 291 0.56 
chair 57 169 169 234 1.00 
chair 198 178 393 305 1.00 
chair 119 168 272 264 1.00 
table 1 151 279 268 1.00 
chair 398 144 503 195 1.00 
chair 315 204 544 347 0.99 
chair 521 156 633 241 0.99 
chair 338 139 396 191 0.99 
chair 0 249 152 523 0.98 
chair 20 306 379 608 0.93 
table 173 173 578 486 0.93 
table 175 99 604 285 0.91 
chair 229 177 519 317 0.80 
table 62 153 375 291 0.56 
