chair 535 161 641 239 0.99 
chair 626 197 754 320 0.98 
chair 193 265 392 555 0.98 
chair 473 236 637 477 0.97 
table 475 149 662 235 0.97 
chair 391 165 486 273 0.97 
table 319 202 595 501 0.92 
chair 502 150 574 201 0.90 
chair 729 164 816 249 0.87 
table 627 141 793 219 0.86 
chair 717 227 834 328 0.86 
chair 657 137 739 229 0.86 
chair 339 152 435 237 0.85 
table 218 194 467 532 0.84 
table 572 180 826 334 0.83 
chair 773 168 835 311 0.68 
chair 415 188 554 353 0.68 
table 611 151 832 265 0.56 
chair 652 163 737 269 0.55 
table 388 206 611 411 0.50 
chair 535 161 641 239 0.99 
chair 626 197 754 320 0.98 
chair 193 265 392 555 0.98 
chair 473 236 637 477 0.97 
table 475 149 662 235 0.97 
chair 391 165 486 273 0.97 
table 319 202 595 501 0.92 
chair 502 150 574 201 0.90 
chair 729 164 816 249 0.87 
table 627 141 793 219 0.86 
chair 717 227 834 328 0.86 
chair 657 137 739 229 0.86 
chair 339 152 435 237 0.85 
table 218 194 467 532 0.84 
table 572 180 826 334 0.83 
chair 773 168 835 311 0.68 
chair 415 188 554 353 0.68 
table 611 151 832 265 0.56 
chair 652 163 737 269 0.55 
table 388 206 611 411 0.50 
