chair 699 139 819 235 1.00 
chair 208 98 325 233 1.00 
chair 305 88 381 205 1.00 
chair 516 383 831 610 1.00 
chair 250 135 398 321 0.99 
chair 419 123 563 261 0.99 
chair 482 174 670 370 0.99 
chair 1 61 89 196 0.99 
chair 350 119 464 211 0.99 
chair 144 71 247 181 0.99 
chair 149 226 406 533 0.99 
chair 1 96 103 259 0.99 
chair 64 65 169 183 0.99 
chair 424 77 525 178 0.99 
chair 232 64 308 133 0.98 
chair 600 152 750 243 0.98 
chair 56 156 269 383 0.98 
chair 354 188 614 405 0.97 
chair 625 290 831 597 0.97 
chair 513 106 645 237 0.97 
chair 109 100 233 186 0.94 
chair 757 229 834 425 0.92 
chair 364 85 470 190 0.91 
chair 318 100 427 200 0.90 
chair 567 104 677 211 0.90 
chair 235 118 358 279 0.89 
chair 662 145 772 244 0.81 
chair 543 94 642 190 0.73 
chair 488 149 639 259 0.66 
chair 712 261 835 530 0.65 
chair 571 133 691 246 0.63 
chair 433 98 543 209 0.62 
chair 27 84 134 209 0.50 
chair 699 139 819 235 1.00 
chair 208 98 325 233 1.00 
chair 305 88 381 205 1.00 
chair 516 383 831 610 1.00 
chair 250 135 398 321 0.99 
chair 419 123 563 261 0.99 
chair 482 174 670 370 0.99 
chair 1 61 89 196 0.99 
chair 350 119 464 211 0.99 
chair 144 71 247 181 0.99 
chair 149 226 406 533 0.99 
chair 1 96 103 259 0.99 
chair 64 65 169 183 0.99 
chair 424 77 525 178 0.99 
chair 232 64 308 133 0.98 
chair 600 152 750 243 0.98 
chair 56 156 269 383 0.98 
chair 354 188 614 405 0.97 
chair 625 290 831 597 0.97 
chair 513 106 645 237 0.97 
chair 109 100 233 186 0.94 
chair 757 229 834 425 0.92 
chair 364 85 470 190 0.91 
chair 318 100 427 200 0.90 
chair 567 104 677 211 0.90 
chair 235 118 358 279 0.89 
chair 662 145 772 244 0.81 
chair 543 94 642 190 0.73 
chair 488 149 639 259 0.66 
chair 712 261 835 530 0.65 
chair 571 133 691 246 0.63 
chair 433 98 543 209 0.62 
chair 27 84 134 209 0.50 
