chair 250 71 370 189 1.00 
chair 561 72 661 165 1.00 
chair 69 224 460 613 0.99 
chair 245 59 343 139 0.99 
chair 241 74 466 358 0.99 
chair 266 91 425 289 0.94 
table 4 34 196 587 0.65 
table 322 82 703 616 0.64 
chair 243 56 340 138 0.99 
chair 60 224 468 612 0.99 
chair 256 54 361 207 0.99 
chair 248 78 424 341 0.98 
chair 561 73 664 160 0.96 
table 4 62 193 580 0.79 
chair 186 150 459 508 0.64 
desk 324 110 808 625 0.60 
chair 18 144 325 593 0.56 
chair 250 71 370 189 1.00 
chair 561 72 661 165 1.00 
chair 69 224 460 613 0.99 
chair 245 59 343 139 0.99 
chair 241 74 466 358 0.99 
chair 266 91 425 289 0.94 
table 4 34 196 587 0.65 
table 322 82 703 616 0.64 
