chair 549 127 643 275 0.99 
chair 58 132 205 265 0.99 
chair 304 132 395 286 0.99 
chair 210 160 393 402 0.99 
table 3 172 186 403 0.96 
chair 136 257 354 591 0.94 
chair 597 160 772 372 0.91 
table 73 115 294 253 0.86 
table 331 118 464 311 0.75 
table 111 160 459 595 0.72 
chair 599 184 827 480 0.66 
table 38 143 267 311 0.55 
chair 571 136 675 326 0.54 
chair 549 127 643 275 0.99 
chair 58 132 205 265 0.99 
chair 304 132 395 286 0.99 
chair 210 160 393 402 0.99 
table 3 172 186 403 0.96 
chair 136 257 354 591 0.94 
chair 597 160 772 372 0.91 
table 73 115 294 253 0.86 
table 331 118 464 311 0.75 
table 111 160 459 595 0.72 
chair 599 184 827 480 0.66 
table 38 143 267 311 0.55 
chair 571 136 675 326 0.54 
