chair 291 268 396 383 1.00 
bookshelf 407 31 626 355 1.00 
chair 4 274 122 424 1.00 
bookshelf 610 52 807 354 1.00 
chair 520 253 633 360 1.00 
chair 703 245 807 349 0.98 
bookshelf 477 48 719 360 0.98 
bookshelf 266 23 395 368 0.91 
bookshelf 1 4 173 392 0.87 
chair 291 268 396 383 1.00 
bookshelf 407 31 626 355 1.00 
chair 4 274 122 424 1.00 
bookshelf 610 52 807 354 1.00 
chair 520 253 633 360 1.00 
chair 703 245 807 349 0.98 
bookshelf 477 48 719 360 0.98 
bookshelf 266 23 395 368 0.91 
bookshelf 1 4 173 392 0.87 
