chair 666 229 752 343 1.00 
chair 65 329 293 415 1.00 
chair 350 179 419 256 1.00 
chair 265 432 564 608 1.00 
chair 418 178 496 270 1.00 
chair 0 264 65 367 1.00 
chair 431 248 550 377 1.00 
table 8 324 551 611 0.99 
chair 410 207 498 294 0.99 
chair 344 238 450 343 0.98 
table 317 143 786 347 0.96 
chair 543 224 615 363 0.94 
table 3 254 105 353 0.87 
table 322 202 679 372 0.79 
chair 60 322 351 541 0.75 
chair 348 205 430 289 0.63 
table 360 230 582 386 0.54 
chair 666 229 752 343 1.00 
chair 65 329 293 415 1.00 
chair 350 179 419 256 1.00 
chair 265 432 564 608 1.00 
chair 418 178 496 270 1.00 
chair 0 264 65 367 1.00 
chair 431 248 550 377 1.00 
table 8 324 551 611 0.99 
chair 410 207 498 294 0.99 
chair 344 238 450 343 0.98 
table 317 143 786 347 0.96 
chair 543 224 615 363 0.94 
table 3 254 105 353 0.87 
table 322 202 679 372 0.79 
chair 60 322 351 541 0.75 
chair 348 205 430 289 0.63 
table 360 230 582 386 0.54 
