chair 510 191 587 268 1.00 
chair 622 189 707 267 1.00 
chair 405 187 478 287 1.00 
chair 266 190 348 268 1.00 
bookshelf 137 126 270 275 1.00 
table 237 240 477 402 1.00 
chair 526 288 784 569 1.00 
chair 0 290 127 395 0.99 
chair 54 222 195 319 0.99 
chair 736 250 832 330 0.99 
table 183 242 372 405 0.98 
chair 67 283 303 484 0.97 
chair 753 340 834 470 0.97 
chair 687 222 830 296 0.93 
table 468 222 620 324 0.92 
table 307 242 541 378 0.86 
table 294 227 435 326 0.85 
chair 32 283 206 407 0.68 
chair 510 191 587 268 1.00 
chair 622 189 707 267 1.00 
chair 405 187 478 287 1.00 
chair 266 190 348 268 1.00 
bookshelf 137 126 270 275 1.00 
table 237 240 477 402 1.00 
chair 526 288 784 569 1.00 
chair 0 290 127 395 0.99 
chair 54 222 195 319 0.99 
chair 736 250 832 330 0.99 
table 183 242 372 405 0.98 
chair 67 283 303 484 0.97 
chair 753 340 834 470 0.97 
chair 687 222 830 296 0.93 
table 468 222 620 324 0.92 
table 307 242 541 378 0.86 
table 294 227 435 326 0.85 
chair 32 283 206 407 0.68 
