chair 206 233 339 425 1.00 
chair 263 197 342 296 1.00 
chair 189 197 272 295 1.00 
chair 640 210 797 352 1.00 
chair 10 287 204 502 0.99 
chair 74 223 179 330 0.99 
chair 722 180 821 287 0.99 
chair 305 182 348 223 0.99 
chair 145 230 264 365 0.99 
chair 548 235 662 433 0.98 
chair 632 288 827 544 0.97 
chair 548 179 619 250 0.97 
chair 578 171 638 232 0.97 
chair 631 195 716 237 0.97 
chair 659 172 715 221 0.97 
chair 136 184 200 262 0.95 
chair 0 270 54 468 0.90 
table 168 192 407 283 0.86 
chair 231 169 304 252 0.85 
table 3 251 329 469 0.84 
chair 754 211 838 319 0.84 
chair 258 187 328 261 0.76 
chair 348 179 404 274 0.69 
chair 321 166 378 237 0.69 
chair 370 180 412 264 0.65 
chair 679 165 734 213 0.61 
table 42 214 369 391 0.57 
table 545 251 777 461 0.56 
chair 175 220 297 384 0.55 
chair 621 181 717 270 0.54 
table 86 171 435 317 0.51 
chair 599 172 684 228 0.50 
chair 329 177 388 261 0.50 
chair 206 233 339 425 1.00 
chair 263 197 342 296 1.00 
chair 189 197 272 295 1.00 
chair 640 210 797 352 1.00 
chair 10 287 204 502 0.99 
chair 74 223 179 330 0.99 
chair 722 180 821 287 0.99 
chair 305 182 348 223 0.99 
chair 145 230 264 365 0.99 
chair 548 235 662 433 0.98 
chair 632 288 827 544 0.97 
chair 548 179 619 250 0.97 
chair 578 171 638 232 0.97 
chair 631 195 716 237 0.97 
chair 659 172 715 221 0.97 
chair 136 184 200 262 0.95 
chair 0 270 54 468 0.90 
table 168 192 407 283 0.86 
chair 231 169 304 252 0.85 
table 3 251 329 469 0.84 
chair 754 211 838 319 0.84 
chair 258 187 328 261 0.76 
chair 348 179 404 274 0.69 
chair 321 166 378 237 0.69 
chair 370 180 412 264 0.65 
chair 679 165 734 213 0.61 
table 42 214 369 391 0.57 
table 545 251 777 461 0.56 
chair 175 220 297 384 0.55 
chair 621 181 717 270 0.54 
table 86 171 435 317 0.51 
chair 599 172 684 228 0.50 
chair 329 177 388 261 0.50 
