table 444 223 635 390 1.00 
sofa 199 153 554 302 1.00 
sofa 96 234 684 611 1.00 
sofa 422 144 674 294 1.00 
sofa 678 170 830 297 0.99 
table 362 153 446 209 0.99 
table 221 153 341 214 0.99 
table 522 144 622 208 0.97 
table 68 206 255 347 0.96 
table 589 153 697 211 0.92 
sofa 3 241 291 538 0.84 
table 20 426 474 608 0.83 
sofa 33 256 434 592 0.66 
chair 440 151 579 269 0.57 
table 203 146 430 222 0.52 
table 444 223 635 390 1.00 
sofa 199 153 554 302 1.00 
sofa 96 234 684 611 1.00 
sofa 422 144 674 294 1.00 
sofa 678 170 830 297 0.99 
table 362 153 446 209 0.99 
table 221 153 341 214 0.99 
table 522 144 622 208 0.97 
table 68 206 255 347 0.96 
table 589 153 697 211 0.92 
sofa 3 241 291 538 0.84 
table 20 426 474 608 0.83 
sofa 33 256 434 592 0.66 
chair 440 151 579 269 0.57 
table 203 146 430 222 0.52 
