chair 88 198 165 292 0.97 
chair 35 205 126 322 0.97 
chair 428 239 503 285 0.94 
chair 0 324 170 568 0.93 
chair 55 278 221 391 0.93 
chair 239 232 317 295 0.92 
table 405 219 518 319 0.92 
chair 420 215 492 297 0.91 
chair 429 326 627 537 0.91 
chair 759 322 833 471 0.87 
table 375 404 730 607 0.86 
chair 269 229 326 264 0.86 
table 362 295 576 471 0.79 
chair 550 442 807 567 0.75 
chair 726 285 831 443 0.75 
table 678 295 837 496 0.72 
chair 88 198 165 292 0.97 
chair 35 205 126 322 0.97 
chair 428 239 503 285 0.94 
chair 0 324 170 568 0.93 
chair 55 278 221 391 0.93 
chair 239 232 317 295 0.92 
table 405 219 518 319 0.92 
chair 420 215 492 297 0.91 
chair 429 326 627 537 0.91 
chair 759 322 833 471 0.87 
table 375 404 730 607 0.86 
chair 269 229 326 264 0.86 
table 362 295 576 471 0.79 
chair 550 442 807 567 0.75 
chair 726 285 831 443 0.75 
table 678 295 837 496 0.72 
