chair 447 151 558 247 1.00 
chair 328 263 656 589 0.99 
chair 0 332 260 603 0.99 
chair 204 118 304 202 0.99 
table 0 218 406 613 0.98 
table 676 140 835 249 0.95 
table 151 113 337 198 0.92 
table 585 277 828 609 0.91 
chair 700 162 840 291 0.90 
table 400 160 516 248 0.88 
chair 112 94 185 175 0.74 
chair 447 151 558 247 1.00 
chair 328 263 656 589 0.99 
chair 0 332 260 603 0.99 
chair 204 118 304 202 0.99 
table 0 218 406 613 0.98 
table 676 140 835 249 0.95 
table 151 113 337 198 0.92 
table 585 277 828 609 0.91 
chair 700 162 840 291 0.90 
table 400 160 516 248 0.88 
chair 112 94 185 175 0.74 
