chair 300 194 406 320 1.00 
chair 296 174 379 284 1.00 
chair 25 212 119 371 1.00 
chair 399 190 486 307 1.00 
chair 216 188 303 313 0.99 
chair 661 298 830 526 0.99 
chair 207 170 257 254 0.99 
chair 4 250 274 538 0.98 
chair 348 168 433 274 0.98 
chair 614 194 690 304 0.98 
table 616 189 830 303 0.97 
chair 413 338 676 606 0.96 
chair 64 217 223 418 0.95 
table 172 182 492 306 0.92 
chair 1 300 79 510 0.73 
chair 672 224 821 301 0.63 
chair 517 305 813 551 0.55 
chair 300 194 406 320 1.00 
chair 296 174 379 284 1.00 
chair 25 212 119 371 1.00 
chair 399 190 486 307 1.00 
chair 216 188 303 313 0.99 
chair 661 298 830 526 0.99 
chair 207 170 257 254 0.99 
chair 4 250 274 538 0.98 
chair 348 168 433 274 0.98 
chair 614 194 690 304 0.98 
table 616 189 830 303 0.97 
chair 413 338 676 606 0.96 
chair 64 217 223 418 0.95 
table 172 182 492 306 0.92 
chair 1 300 79 510 0.73 
chair 672 224 821 301 0.63 
chair 517 305 813 551 0.55 
