chair 577 278 726 390 1.00 
chair 459 216 560 275 1.00 
chair 432 275 579 386 1.00 
chair 85 276 178 342 1.00 
chair 567 190 684 301 1.00 
chair 360 404 611 601 1.00 
chair 667 190 798 297 1.00 
chair 297 268 431 384 1.00 
chair 233 207 346 311 0.99 
chair 138 270 307 384 0.98 
chair 338 215 448 325 0.98 
chair 12 271 106 365 0.97 
chair 594 399 831 595 0.97 
chair 728 279 835 390 0.95 
chair 100 370 373 566 0.94 
chair 1 394 171 553 0.92 
table 430 94 606 172 0.86 
chair 577 278 726 390 1.00 
chair 459 216 560 275 1.00 
chair 432 275 579 386 1.00 
chair 85 276 178 342 1.00 
chair 567 190 684 301 1.00 
chair 360 404 611 601 1.00 
chair 667 190 798 297 1.00 
chair 297 268 431 384 1.00 
chair 233 207 346 311 0.99 
chair 138 270 307 384 0.98 
chair 338 215 448 325 0.98 
chair 12 271 106 365 0.97 
chair 594 399 831 595 0.97 
chair 728 279 835 390 0.95 
chair 100 370 373 566 0.94 
chair 1 394 171 553 0.92 
table 430 94 606 172 0.86 
