chair 560 144 637 241 1.00 
chair 203 146 295 228 1.00 
chair 201 197 374 438 1.00 
chair 91 136 198 252 1.00 
chair 427 124 499 216 0.99 
chair 199 116 276 213 0.99 
chair 266 113 354 201 0.99 
chair 470 147 569 292 0.98 
chair 334 176 472 344 0.98 
chair 358 129 448 238 0.98 
chair 668 170 786 297 0.97 
chair 89 169 214 285 0.97 
chair 433 153 504 267 0.96 
chair 53 105 128 198 0.95 
chair 734 153 821 230 0.95 
chair 143 103 203 197 0.94 
table 10 121 370 246 0.94 
table 45 146 453 296 0.94 
table 419 198 805 583 0.93 
table 115 144 636 342 0.93 
table 159 155 703 457 0.92 
chair 6 126 87 268 0.90 
chair 431 168 520 322 0.81 
chair 634 182 767 339 0.81 
chair 542 230 730 488 0.80 
chair 0 106 49 251 0.76 
table 158 187 489 393 0.57 
chair 307 145 362 269 0.53 
chair 560 144 637 241 1.00 
chair 203 146 295 228 1.00 
chair 201 197 374 438 1.00 
chair 91 136 198 252 1.00 
chair 427 124 499 216 0.99 
chair 199 116 276 213 0.99 
chair 266 113 354 201 0.99 
chair 470 147 569 292 0.98 
chair 334 176 472 344 0.98 
chair 358 129 448 238 0.98 
chair 668 170 786 297 0.97 
chair 89 169 214 285 0.97 
chair 433 153 504 267 0.96 
chair 53 105 128 198 0.95 
chair 734 153 821 230 0.95 
chair 143 103 203 197 0.94 
table 10 121 370 246 0.94 
table 45 146 453 296 0.94 
table 419 198 805 583 0.93 
table 115 144 636 342 0.93 
table 159 155 703 457 0.92 
chair 6 126 87 268 0.90 
chair 431 168 520 322 0.81 
chair 634 182 767 339 0.81 
chair 542 230 730 488 0.80 
chair 0 106 49 251 0.76 
table 158 187 489 393 0.57 
chair 307 145 362 269 0.53 
