chair 586 119 691 188 1.00 
chair 467 82 548 180 1.00 
chair 440 140 612 340 1.00 
chair 516 178 695 352 0.99 
chair 378 108 481 208 0.98 
chair 349 99 443 189 0.98 
chair 166 131 344 361 0.97 
table 414 144 784 442 0.97 
chair 142 90 238 210 0.96 
table 408 58 542 153 0.96 
table 300 104 510 215 0.95 
chair 663 137 799 242 0.93 
table 634 145 824 311 0.92 
table 132 175 415 574 0.92 
table 102 117 246 226 0.84 
chair 516 93 624 197 0.84 
table 283 102 395 167 0.69 
table 469 95 716 192 0.69 
chair 145 111 266 282 0.63 
chair 265 222 476 557 0.62 
table 482 90 592 182 0.60 
table 384 83 567 197 0.57 
chair 586 119 691 188 1.00 
chair 467 82 548 180 1.00 
chair 440 140 612 340 1.00 
chair 516 178 695 352 0.99 
chair 378 108 481 208 0.98 
chair 349 99 443 189 0.98 
chair 166 131 344 361 0.97 
table 414 144 784 442 0.97 
chair 142 90 238 210 0.96 
table 408 58 542 153 0.96 
table 300 104 510 215 0.95 
chair 663 137 799 242 0.93 
table 634 145 824 311 0.92 
table 132 175 415 574 0.92 
table 102 117 246 226 0.84 
chair 516 93 624 197 0.84 
table 283 102 395 167 0.69 
table 469 95 716 192 0.69 
chair 145 111 266 282 0.63 
chair 265 222 476 557 0.62 
table 482 90 592 182 0.60 
table 384 83 567 197 0.57 
