chair 35 175 137 283 1.00 
chair 254 205 397 324 1.00 
table 0 300 544 609 1.00 
chair 86 268 288 525 0.99 
chair 419 224 554 348 0.99 
chair 290 163 361 225 0.99 
chair 211 144 295 260 0.98 
chair 475 184 563 257 0.97 
chair 299 299 531 597 0.96 
chair 401 169 491 244 0.96 
chair 497 145 581 236 0.95 
chair 334 136 407 225 0.95 
chair 137 191 259 289 0.95 
table 0 183 255 298 0.93 
table 304 184 584 310 0.92 
table 208 214 597 475 0.91 
chair 428 146 504 240 0.60 
table 341 170 551 247 0.53 
chair 35 175 137 283 1.00 
chair 254 205 397 324 1.00 
table 0 300 544 609 1.00 
chair 86 268 288 525 0.99 
chair 419 224 554 348 0.99 
chair 290 163 361 225 0.99 
chair 211 144 295 260 0.98 
chair 475 184 563 257 0.97 
chair 299 299 531 597 0.96 
chair 401 169 491 244 0.96 
chair 497 145 581 236 0.95 
chair 334 136 407 225 0.95 
chair 137 191 259 289 0.95 
table 0 183 255 298 0.93 
table 304 184 584 310 0.92 
table 208 214 597 475 0.91 
chair 428 146 504 240 0.60 
table 341 170 551 247 0.53 
