chair 589 136 713 241 1.00 
chair 346 239 475 354 1.00 
chair 589 214 734 324 1.00 
chair 468 226 588 339 1.00 
chair 367 345 600 583 1.00 
chair 318 160 424 256 1.00 
chair 215 194 314 247 0.99 
chair 512 142 625 251 0.99 
chair 547 329 773 550 0.99 
chair 193 249 351 384 0.98 
chair 678 137 794 230 0.98 
chair 141 368 394 602 0.98 
chair 669 163 828 301 0.98 
chair 717 324 835 503 0.97 
chair 419 180 518 230 0.94 
chair 764 178 837 281 0.91 
chair 632 200 787 314 0.77 
table 514 47 718 169 0.74 
chair 410 173 521 276 0.65 
chair 589 136 713 241 1.00 
chair 346 239 475 354 1.00 
chair 589 214 734 324 1.00 
chair 468 226 588 339 1.00 
chair 367 345 600 583 1.00 
chair 318 160 424 256 1.00 
chair 215 194 314 247 0.99 
chair 512 142 625 251 0.99 
chair 547 329 773 550 0.99 
chair 193 249 351 384 0.98 
chair 678 137 794 230 0.98 
chair 141 368 394 602 0.98 
chair 669 163 828 301 0.98 
chair 717 324 835 503 0.97 
chair 419 180 518 230 0.94 
chair 764 178 837 281 0.91 
chair 632 200 787 314 0.77 
table 514 47 718 169 0.74 
chair 410 173 521 276 0.65 
