chair 319 267 457 425 1.00 
chair 531 295 683 477 1.00 
chair 532 244 614 356 1.00 
table 464 179 709 325 1.00 
chair 416 224 469 319 1.00 
chair 237 226 313 345 1.00 
chair 98 258 235 414 1.00 
chair 431 221 496 301 0.99 
table 204 234 612 446 0.98 
chair 319 267 457 425 1.00 
chair 531 295 683 477 1.00 
chair 532 244 614 356 1.00 
table 464 179 709 325 1.00 
chair 416 224 469 319 1.00 
chair 237 226 313 345 1.00 
chair 98 258 235 414 1.00 
chair 431 221 496 301 0.99 
table 204 234 612 446 0.98 
