chair 205 139 388 345 1.00 
chair 98 163 324 434 1.00 
chair 625 102 721 253 0.98 
chair 591 183 733 378 0.98 
table 527 120 694 294 0.97 
chair 381 112 464 225 0.97 
chair 503 233 785 556 0.95 
table 0 106 159 296 0.93 
table 6 120 400 436 0.92 
chair 326 123 444 279 0.91 
table 416 156 724 535 0.86 
chair 611 150 731 311 0.72 
chair 205 139 388 345 1.00 
chair 98 163 324 434 1.00 
chair 625 102 721 253 0.98 
chair 591 183 733 378 0.98 
table 527 120 694 294 0.97 
chair 381 112 464 225 0.97 
chair 503 233 785 556 0.95 
table 0 106 159 296 0.93 
table 6 120 400 436 0.92 
chair 326 123 444 279 0.91 
table 416 156 724 535 0.86 
chair 611 150 731 311 0.72 
