chair 541 66 679 183 1.00 
chair 623 63 726 128 1.00 
chair 686 76 815 143 1.00 
chair 434 81 549 199 1.00 
chair 270 147 431 332 1.00 
chair 286 188 488 463 1.00 
chair 506 120 691 318 1.00 
chair 447 99 604 248 1.00 
chair 276 96 363 174 0.99 
chair 94 124 207 263 0.99 
chair 261 120 397 267 0.99 
chair 2 186 190 436 0.98 
chair 571 170 821 438 0.98 
chair 39 159 198 358 0.98 
chair 626 225 835 552 0.96 
chair 0 255 153 552 0.93 
chair 279 264 582 618 0.93 
chair 652 72 761 134 0.89 
chair 525 135 757 383 0.78 
chair 409 80 513 176 0.55 
chair 541 66 679 183 1.00 
chair 623 63 726 128 1.00 
chair 686 76 815 143 1.00 
chair 434 81 549 199 1.00 
chair 270 147 431 332 1.00 
chair 286 188 488 463 1.00 
chair 506 120 691 318 1.00 
chair 447 99 604 248 1.00 
chair 276 96 363 174 0.99 
chair 94 124 207 263 0.99 
chair 261 120 397 267 0.99 
chair 2 186 190 436 0.98 
chair 571 170 821 438 0.98 
chair 39 159 198 358 0.98 
chair 626 225 835 552 0.96 
chair 0 255 153 552 0.93 
chair 279 264 582 618 0.93 
chair 652 72 761 134 0.89 
chair 525 135 757 383 0.78 
chair 409 80 513 176 0.55 
