chair 307 176 415 259 1.00 
chair 128 212 248 349 1.00 
chair 471 144 606 283 1.00 
chair 565 211 714 408 1.00 
table 353 180 629 367 0.99 
table 195 235 644 588 0.99 
chair 395 273 652 585 0.98 
chair 89 271 349 578 0.98 
table 127 200 363 410 0.97 
table 242 177 470 261 0.96 
table 449 193 704 474 0.82 
table 136 226 415 506 0.73 
table 163 178 474 302 0.52 
chair 307 176 415 259 1.00 
chair 128 212 248 349 1.00 
chair 471 144 606 283 1.00 
chair 565 211 714 408 1.00 
table 353 180 629 367 0.99 
table 195 235 644 588 0.99 
chair 395 273 652 585 0.98 
chair 89 271 349 578 0.98 
table 127 200 363 410 0.97 
table 242 177 470 261 0.96 
table 449 193 704 474 0.82 
table 136 226 415 506 0.73 
table 163 178 474 302 0.52 
