chair 306 136 425 325 1.00 
chair 363 244 573 513 1.00 
chair 246 126 340 236 1.00 
chair 543 185 702 337 1.00 
chair 90 165 210 350 1.00 
chair 151 180 334 408 1.00 
table 499 220 685 471 0.96 
table 220 156 352 318 0.90 
chair 464 295 722 587 0.87 
chair 105 180 269 396 0.54 
chair 411 293 634 544 0.52 
chair 306 136 425 325 1.00 
chair 363 244 573 513 1.00 
chair 246 126 340 236 1.00 
chair 543 185 702 337 1.00 
chair 90 165 210 350 1.00 
chair 151 180 334 408 1.00 
table 499 220 685 471 0.96 
table 220 156 352 318 0.90 
chair 464 295 722 587 0.87 
chair 105 180 269 396 0.54 
chair 411 293 634 544 0.52 
