chair 719 139 795 238 1.00 
chair 386 65 428 133 0.99 
chair 448 149 620 312 0.99 
chair 322 73 394 126 0.99 
chair 227 78 295 197 0.98 
chair 576 102 677 223 0.98 
table 452 293 834 605 0.98 
chair 395 104 486 185 0.98 
chair 288 56 354 133 0.97 
chair 617 137 717 261 0.97 
chair 228 49 292 142 0.96 
chair 412 71 488 164 0.96 
table 213 103 515 236 0.96 
chair 287 157 479 362 0.95 
chair 485 69 564 170 0.95 
chair 507 104 576 174 0.95 
chair 701 218 833 492 0.93 
chair 283 103 386 197 0.93 
table 401 81 572 173 0.91 
table 616 146 837 285 0.90 
table 193 62 335 141 0.89 
table 269 172 703 454 0.88 
table 273 98 557 196 0.84 
table 407 134 806 265 0.81 
table 378 66 488 124 0.77 
table 199 72 400 162 0.61 
chair 719 139 795 238 1.00 
chair 386 65 428 133 0.99 
chair 448 149 620 312 0.99 
chair 322 73 394 126 0.99 
chair 227 78 295 197 0.98 
chair 576 102 677 223 0.98 
table 452 293 834 605 0.98 
chair 395 104 486 185 0.98 
chair 288 56 354 133 0.97 
chair 617 137 717 261 0.97 
chair 228 49 292 142 0.96 
chair 412 71 488 164 0.96 
table 213 103 515 236 0.96 
chair 287 157 479 362 0.95 
chair 485 69 564 170 0.95 
chair 507 104 576 174 0.95 
chair 701 218 833 492 0.93 
chair 283 103 386 197 0.93 
table 401 81 572 173 0.91 
table 616 146 837 285 0.90 
table 193 62 335 141 0.89 
table 269 172 703 454 0.88 
table 273 98 557 196 0.84 
table 407 134 806 265 0.81 
table 378 66 488 124 0.77 
table 199 72 400 162 0.61 
