chair 567 225 779 537 1.00 
chair 114 181 288 407 1.00 
chair 205 243 487 607 1.00 
chair 438 113 552 203 1.00 
chair 264 121 401 199 1.00 
chair 601 152 772 335 0.99 
table 452 142 756 331 0.98 
table 219 124 515 333 0.97 
table 181 172 565 478 0.97 
table 348 174 750 498 0.88 
table 374 125 622 209 0.81 
table 526 172 773 434 0.77 
table 169 171 426 412 0.55 
chair 567 225 779 537 1.00 
chair 114 181 288 407 1.00 
chair 205 243 487 607 1.00 
chair 438 113 552 203 1.00 
chair 264 121 401 199 1.00 
chair 601 152 772 335 0.99 
table 452 142 756 331 0.98 
table 219 124 515 333 0.97 
table 181 172 565 478 0.97 
table 348 174 750 498 0.88 
table 374 125 622 209 0.81 
table 526 172 773 434 0.77 
table 169 171 426 412 0.55 
