chair 351 204 638 512 1.00 
chair 663 75 798 212 1.00 
chair 671 149 830 354 1.00 
chair 325 90 512 319 1.00 
chair 54 111 259 391 1.00 
chair 219 100 403 345 1.00 
chair 144 39 260 157 1.00 
chair 269 42 355 131 1.00 
chair 442 82 609 254 1.00 
chair 437 42 502 137 0.99 
chair 511 192 727 442 0.99 
chair 112 227 452 609 0.99 
chair 341 41 459 173 0.99 
chair 607 175 744 390 0.99 
chair 612 75 688 235 0.98 
chair 23 38 148 188 0.98 
chair 550 83 649 247 0.94 
chair 720 78 821 199 0.78 
chair 351 204 638 512 1.00 
chair 663 75 798 212 1.00 
chair 671 149 830 354 1.00 
chair 325 90 512 319 1.00 
chair 54 111 259 391 1.00 
chair 219 100 403 345 1.00 
chair 144 39 260 157 1.00 
chair 269 42 355 131 1.00 
chair 442 82 609 254 1.00 
chair 437 42 502 137 0.99 
chair 511 192 727 442 0.99 
chair 112 227 452 609 0.99 
chair 341 41 459 173 0.99 
chair 607 175 744 390 0.99 
chair 612 75 688 235 0.98 
chair 23 38 148 188 0.98 
chair 550 83 649 247 0.94 
chair 720 78 821 199 0.78 
