chair 268 150 461 384 1.00 
chair 605 223 748 420 1.00 
chair 354 119 501 292 1.00 
chair 1 78 224 300 1.00 
chair 611 82 727 257 0.99 
chair 407 80 523 157 0.99 
chair 560 313 763 613 0.97 
chair 117 65 289 215 0.96 
chair 614 138 729 317 0.95 
chair 3 302 360 607 0.93 
chair 144 189 444 531 0.85 
chair 268 150 461 384 1.00 
chair 605 223 748 420 1.00 
chair 354 119 501 292 1.00 
chair 1 78 224 300 1.00 
chair 611 82 727 257 0.99 
chair 407 80 523 157 0.99 
chair 560 313 763 613 0.97 
chair 117 65 289 215 0.96 
chair 614 138 729 317 0.95 
chair 3 302 360 607 0.93 
chair 144 189 444 531 0.85 
