chair 265 230 406 372 1.00 
chair 22 304 222 542 1.00 
chair 644 205 754 302 1.00 
table 0 255 455 495 1.00 
chair 180 178 256 258 1.00 
chair 222 304 406 542 0.99 
chair 549 205 640 315 0.98 
table 499 194 760 297 0.98 
chair 112 235 255 374 0.98 
chair 100 199 209 303 0.98 
chair 621 187 664 264 0.96 
chair 734 165 827 280 0.95 
chair 231 210 313 259 0.95 
chair 708 257 834 449 0.93 
chair 526 174 597 255 0.88 
chair 263 178 334 260 0.86 
table 181 184 322 261 0.83 
chair 769 169 838 303 0.74 
table 524 182 685 281 0.55 
chair 265 230 406 372 1.00 
chair 22 304 222 542 1.00 
chair 644 205 754 302 1.00 
table 0 255 455 495 1.00 
chair 180 178 256 258 1.00 
chair 222 304 406 542 0.99 
chair 549 205 640 315 0.98 
table 499 194 760 297 0.98 
chair 112 235 255 374 0.98 
chair 100 199 209 303 0.98 
chair 621 187 664 264 0.96 
chair 734 165 827 280 0.95 
chair 231 210 313 259 0.95 
chair 708 257 834 449 0.93 
chair 526 174 597 255 0.88 
chair 263 178 334 260 0.86 
table 181 184 322 261 0.83 
chair 769 169 838 303 0.74 
table 524 182 685 281 0.55 
