chair 304 138 396 237 1.00 
chair 15 144 103 244 1.00 
chair 635 125 722 202 0.99 
chair 296 170 405 281 0.99 
chair 146 170 310 291 0.99 
chair 104 138 210 248 0.99 
chair 711 162 817 268 0.99 
chair 5 250 201 575 0.98 
chair 178 255 417 562 0.98 
chair 707 118 817 220 0.97 
table 50 176 448 288 0.97 
table 11 291 445 589 0.96 
chair 10 174 158 326 0.93 
chair 227 139 304 198 0.91 
chair 18 164 128 270 0.90 
table 634 136 807 212 0.83 
table 690 173 836 365 0.78 
chair 772 169 836 302 0.66 
chair 2 187 59 376 0.60 
table 179 168 411 267 0.51 
chair 304 138 396 237 1.00 
chair 15 144 103 244 1.00 
chair 635 125 722 202 0.99 
chair 296 170 405 281 0.99 
chair 146 170 310 291 0.99 
chair 104 138 210 248 0.99 
chair 711 162 817 268 0.99 
chair 5 250 201 575 0.98 
chair 178 255 417 562 0.98 
chair 707 118 817 220 0.97 
table 50 176 448 288 0.97 
table 11 291 445 589 0.96 
chair 10 174 158 326 0.93 
chair 227 139 304 198 0.91 
chair 18 164 128 270 0.90 
table 634 136 807 212 0.83 
table 690 173 836 365 0.78 
chair 772 169 836 302 0.66 
chair 2 187 59 376 0.60 
table 179 168 411 267 0.51 
