chair 652 295 812 494 1.00 
table 380 252 795 506 1.00 
chair 537 324 697 525 1.00 
chair 710 233 794 325 1.00 
chair 371 298 544 516 1.00 
chair 424 247 491 318 1.00 
chair 632 262 757 417 1.00 
chair 0 302 120 513 0.99 
chair 360 264 505 429 0.99 
chair 652 295 812 494 1.00 
table 380 252 795 506 1.00 
chair 537 324 697 525 1.00 
chair 710 233 794 325 1.00 
chair 371 298 544 516 1.00 
chair 424 247 491 318 1.00 
chair 632 262 757 417 1.00 
chair 0 302 120 513 0.99 
chair 360 264 505 429 0.99 
