chair 497 187 593 276 1.00 
chair 309 231 497 470 1.00 
chair 299 133 419 251 1.00 
chair 151 397 590 604 1.00 
chair 6 278 226 486 1.00 
chair 450 273 682 529 1.00 
chair 233 211 368 343 0.99 
chair 411 170 492 273 0.99 
chair 37 273 366 583 0.99 
chair 559 213 718 377 0.94 
chair 165 102 290 206 0.61 
chair 497 187 593 276 1.00 
chair 309 231 497 470 1.00 
chair 299 133 419 251 1.00 
chair 151 397 590 604 1.00 
chair 6 278 226 486 1.00 
chair 450 273 682 529 1.00 
chair 233 211 368 343 0.99 
chair 411 170 492 273 0.99 
chair 37 273 366 583 0.99 
chair 559 213 718 377 0.94 
chair 165 102 290 206 0.61 
