chair 306 2 452 157 1.00 
chair 118 0 397 294 1.00 
chair 530 35 824 248 1.00 
chair 299 63 743 429 1.00 
chair 40 145 563 601 0.97 
chair 0 25 164 480 0.97 
chair 91 47 459 423 0.56 
chair 117 1 409 305 1.00 
chair 306 2 454 149 1.00 
chair 544 32 828 246 0.99 
chair 298 72 703 439 0.99 
chair 5 31 181 454 0.99 
chair 28 131 582 606 0.95 
chair 76 61 453 483 0.88 
chair 306 2 452 157 1.00 
chair 118 0 397 294 1.00 
chair 530 35 824 248 1.00 
chair 299 63 743 429 1.00 
chair 40 145 563 601 0.97 
chair 0 25 164 480 0.97 
chair 91 47 459 423 0.56 
