bookshelf 411 10 838 334 1.00 
chair 430 254 506 409 1.00 
chair 284 282 427 497 1.00 
chair 508 236 564 353 1.00 
chair 3 354 253 601 0.99 
table 162 160 433 511 0.96 
desk 443 154 570 358 0.96 
table 338 164 515 425 0.93 
table 0 158 279 604 0.84 
chair 412 189 515 381 0.70 
bookshelf 411 10 838 334 1.00 
chair 430 254 506 409 1.00 
chair 284 282 427 497 1.00 
chair 508 236 564 353 1.00 
chair 3 354 253 601 0.99 
table 162 160 433 511 0.96 
desk 443 154 570 358 0.96 
table 338 164 515 425 0.93 
table 0 158 279 604 0.84 
chair 412 189 515 381 0.70 
