chair 2 160 254 509 1.00 
chair 82 53 179 163 0.99 
chair 221 212 507 602 0.99 
chair 393 100 474 209 0.99 
chair 382 171 587 371 0.99 
chair 183 144 368 299 0.99 
chair 210 73 302 179 0.98 
chair 318 126 414 243 0.98 
chair 541 145 671 327 0.97 
chair 5 109 133 181 0.97 
chair 133 91 223 190 0.97 
chair 9 58 100 159 0.96 
chair 603 121 670 200 0.96 
table 133 96 336 190 0.96 
table 574 151 720 241 0.93 
table 320 129 534 247 0.91 
table 373 198 704 604 0.91 
table 623 115 724 185 0.89 
chair 454 93 508 184 0.89 
table 2 124 181 319 0.79 
chair 578 129 666 230 0.76 
chair 393 180 622 495 0.67 
table 20 145 475 523 0.66 
chair 473 90 537 187 0.65 
table 314 74 428 178 0.64 
chair 107 65 209 170 0.55 
table 4 95 153 224 0.51 
chair 2 160 254 509 1.00 
chair 82 53 179 163 0.99 
chair 221 212 507 602 0.99 
chair 393 100 474 209 0.99 
chair 382 171 587 371 0.99 
chair 183 144 368 299 0.99 
chair 210 73 302 179 0.98 
chair 318 126 414 243 0.98 
chair 541 145 671 327 0.97 
chair 5 109 133 181 0.97 
chair 133 91 223 190 0.97 
chair 9 58 100 159 0.96 
chair 603 121 670 200 0.96 
table 133 96 336 190 0.96 
table 574 151 720 241 0.93 
table 320 129 534 247 0.91 
table 373 198 704 604 0.91 
table 623 115 724 185 0.89 
chair 454 93 508 184 0.89 
table 2 124 181 319 0.79 
chair 578 129 666 230 0.76 
chair 393 180 622 495 0.67 
table 20 145 475 523 0.66 
chair 473 90 537 187 0.65 
table 314 74 428 178 0.64 
chair 107 65 209 170 0.55 
table 4 95 153 224 0.51 
