chair 250 118 320 219 1.00 
chair 320 268 680 609 1.00 
chair 63 195 343 568 1.00 
chair 133 134 300 314 1.00 
chair 392 144 525 285 1.00 
chair 131 97 231 208 1.00 
chair 271 164 445 436 1.00 
chair 32 101 143 188 0.99 
chair 476 250 789 500 0.99 
chair 7 149 162 402 0.99 
chair 635 198 827 515 0.98 
chair 250 118 320 219 1.00 
chair 320 268 680 609 1.00 
chair 63 195 343 568 1.00 
chair 133 134 300 314 1.00 
chair 392 144 525 285 1.00 
chair 131 97 231 208 1.00 
chair 271 164 445 436 1.00 
chair 32 101 143 188 0.99 
chair 476 250 789 500 0.99 
chair 7 149 162 402 0.99 
chair 635 198 827 515 0.98 
