chair 97 228 249 328 1.00 
chair 442 236 587 430 1.00 
chair 78 278 318 545 1.00 
chair 402 204 510 341 1.00 
chair 253 205 342 354 1.00 
chair 740 202 834 305 1.00 
chair 590 182 666 275 1.00 
chair 330 173 392 245 1.00 
chair 344 271 527 517 0.99 
chair 261 173 342 256 0.99 
chair 174 177 258 233 0.99 
table 101 214 595 531 0.99 
chair 651 204 718 265 0.97 
chair 154 162 212 245 0.96 
table 675 187 843 304 0.85 
table 181 166 377 231 0.84 
chair 399 231 531 408 0.57 
chair 97 228 249 328 1.00 
chair 442 236 587 430 1.00 
chair 78 278 318 545 1.00 
chair 402 204 510 341 1.00 
chair 253 205 342 354 1.00 
chair 740 202 834 305 1.00 
chair 590 182 666 275 1.00 
chair 330 173 392 245 1.00 
chair 344 271 527 517 0.99 
chair 261 173 342 256 0.99 
chair 174 177 258 233 0.99 
table 101 214 595 531 0.99 
chair 651 204 718 265 0.97 
chair 154 162 212 245 0.96 
table 675 187 843 304 0.85 
table 181 166 377 231 0.84 
chair 399 231 531 408 0.57 
