chair 506 116 604 209 1.00 
chair 609 124 699 272 1.00 
chair 599 91 672 163 1.00 
chair 683 96 755 219 1.00 
chair 165 170 361 387 1.00 
chair 360 149 502 299 0.99 
chair 496 171 615 347 0.99 
chair 638 60 726 170 0.99 
chair 1 252 112 570 0.98 
chair 287 192 495 441 0.97 
chair 739 79 795 182 0.97 
chair 3 279 265 603 0.92 
chair 222 194 438 403 0.72 
chair 703 89 770 197 0.64 
chair 615 83 703 170 0.60 
chair 506 116 604 209 1.00 
chair 609 124 699 272 1.00 
chair 599 91 672 163 1.00 
chair 683 96 755 219 1.00 
chair 165 170 361 387 1.00 
chair 360 149 502 299 0.99 
chair 496 171 615 347 0.99 
chair 638 60 726 170 0.99 
chair 1 252 112 570 0.98 
chair 287 192 495 441 0.97 
chair 739 79 795 182 0.97 
chair 3 279 265 603 0.92 
chair 222 194 438 403 0.72 
chair 703 89 770 197 0.64 
chair 615 83 703 170 0.60 
