chair 637 153 714 268 0.99 
chair 104 199 254 308 0.99 
chair 406 168 485 281 0.98 
chair 4 226 150 419 0.98 
chair 429 157 500 249 0.97 
chair 361 203 462 380 0.95 
chair 252 195 334 275 0.94 
table 174 159 347 313 0.93 
chair 280 222 464 466 0.92 
chair 649 177 745 279 0.87 
chair 655 243 831 531 0.87 
table 399 151 551 290 0.86 
table 0 204 260 406 0.82 
chair 650 192 711 348 0.81 
chair 191 169 296 289 0.81 
table 663 168 798 370 0.72 
chair 637 153 714 268 0.99 
chair 104 199 254 308 0.99 
chair 406 168 485 281 0.98 
chair 4 226 150 419 0.98 
chair 429 157 500 249 0.97 
chair 361 203 462 380 0.95 
chair 252 195 334 275 0.94 
table 174 159 347 313 0.93 
chair 280 222 464 466 0.92 
chair 649 177 745 279 0.87 
chair 655 243 831 531 0.87 
table 399 151 551 290 0.86 
table 0 204 260 406 0.82 
chair 650 192 711 348 0.81 
chair 191 169 296 289 0.81 
table 663 168 798 370 0.72 
