chair 323 180 404 235 1.00 
chair 475 170 571 269 1.00 
chair 259 281 423 364 0.99 
chair 200 207 322 353 0.99 
chair 399 174 475 272 0.98 
chair 602 198 736 314 0.98 
chair 548 319 801 514 0.97 
desk 193 188 603 331 0.93 
chair 770 333 835 506 0.86 
desk 324 382 795 603 0.76 
chair 359 230 640 330 0.73 
chair 230 245 443 351 0.70 
desk 224 202 738 374 0.64 
chair 695 286 835 535 0.59 
desk 653 348 832 591 0.56 
chair 323 180 404 235 1.00 
chair 475 170 571 269 1.00 
chair 259 281 423 364 0.99 
chair 200 207 322 353 0.99 
chair 399 174 475 272 0.98 
chair 602 198 736 314 0.98 
chair 548 319 801 514 0.97 
desk 193 188 603 331 0.93 
chair 770 333 835 506 0.86 
desk 324 382 795 603 0.76 
chair 359 230 640 330 0.73 
chair 230 245 443 351 0.70 
desk 224 202 738 374 0.64 
chair 695 286 835 535 0.59 
desk 653 348 832 591 0.56 
