chair 148 192 271 379 1.00 
chair 245 264 454 574 1.00 
chair 362 199 535 406 1.00 
chair 469 158 574 313 1.00 
chair 273 162 370 264 1.00 
chair 3 216 190 462 1.00 
table 262 152 478 262 0.99 
table 224 221 636 608 0.98 
chair 0 162 134 320 0.96 
table 8 181 366 522 0.94 
table 565 154 702 385 0.87 
chair 418 181 555 364 0.66 
chair 148 192 271 379 1.00 
chair 245 264 454 574 1.00 
chair 362 199 535 406 1.00 
chair 469 158 574 313 1.00 
chair 273 162 370 264 1.00 
chair 3 216 190 462 1.00 
table 262 152 478 262 0.99 
table 224 221 636 608 0.98 
chair 0 162 134 320 0.96 
table 8 181 366 522 0.94 
table 565 154 702 385 0.87 
chair 418 181 555 364 0.66 
