chair 242 235 531 580 1.00 
table 184 214 828 597 1.00 
chair 530 106 692 232 1.00 
chair 390 104 510 212 0.99 
chair 0 22 72 163 0.99 
chair 566 215 825 541 0.99 
chair 601 18 694 136 0.98 
chair 401 73 496 186 0.97 
chair 411 37 488 150 0.96 
chair 494 58 585 184 0.95 
chair 503 24 553 117 0.94 
chair 96 34 171 162 0.93 
table 325 84 643 187 0.88 
chair 695 20 796 143 0.87 
chair 744 114 835 224 0.86 
chair 711 48 833 207 0.85 
chair 620 37 731 147 0.78 
chair 422 19 485 115 0.77 
table 607 59 832 180 0.73 
chair 473 22 571 117 0.71 
chair 522 14 567 117 0.63 
table 29 54 165 162 0.61 
chair 483 29 531 112 0.56 
table 378 75 722 219 0.53 
chair 242 235 531 580 1.00 
table 184 214 828 597 1.00 
chair 530 106 692 232 1.00 
chair 390 104 510 212 0.99 
chair 0 22 72 163 0.99 
chair 566 215 825 541 0.99 
chair 601 18 694 136 0.98 
chair 401 73 496 186 0.97 
chair 411 37 488 150 0.96 
chair 494 58 585 184 0.95 
chair 503 24 553 117 0.94 
chair 96 34 171 162 0.93 
table 325 84 643 187 0.88 
chair 695 20 796 143 0.87 
chair 744 114 835 224 0.86 
chair 711 48 833 207 0.85 
chair 620 37 731 147 0.78 
chair 422 19 485 115 0.77 
table 607 59 832 180 0.73 
chair 473 22 571 117 0.71 
chair 522 14 567 117 0.63 
table 29 54 165 162 0.61 
chair 483 29 531 112 0.56 
table 378 75 722 219 0.53 
