chair 660 61 793 209 1.00 
chair 175 31 272 170 1.00 
chair 549 33 630 157 1.00 
chair 247 21 306 82 1.00 
chair 637 36 708 99 1.00 
chair 16 55 128 175 0.99 
chair 140 110 309 349 0.99 
chair 301 34 369 151 0.99 
chair 281 48 360 181 0.99 
chair 160 14 252 132 0.99 
chair 237 88 348 263 0.99 
chair 568 69 661 216 0.99 
chair 586 104 723 256 0.98 
chair 610 126 832 400 0.97 
chair 696 320 835 611 0.97 
chair 134 83 223 184 0.95 
chair 84 9 182 118 0.95 
chair 94 40 208 164 0.94 
chair 5 83 142 216 0.92 
chair 698 100 834 287 0.91 
chair 3 254 259 601 0.90 
chair 0 68 45 211 0.74 
chair 38 32 143 145 0.61 
chair 600 116 774 315 0.58 
chair 660 61 793 209 1.00 
chair 175 31 272 170 1.00 
chair 549 33 630 157 1.00 
chair 247 21 306 82 1.00 
chair 637 36 708 99 1.00 
chair 16 55 128 175 0.99 
chair 140 110 309 349 0.99 
chair 301 34 369 151 0.99 
chair 281 48 360 181 0.99 
chair 160 14 252 132 0.99 
chair 237 88 348 263 0.99 
chair 568 69 661 216 0.99 
chair 586 104 723 256 0.98 
chair 610 126 832 400 0.97 
chair 696 320 835 611 0.97 
chair 134 83 223 184 0.95 
chair 84 9 182 118 0.95 
chair 94 40 208 164 0.94 
chair 5 83 142 216 0.92 
chair 698 100 834 287 0.91 
chair 3 254 259 601 0.90 
chair 0 68 45 211 0.74 
chair 38 32 143 145 0.61 
chair 600 116 774 315 0.58 
