chair 342 119 430 203 1.00 
chair 129 147 215 272 1.00 
chair 287 126 375 221 1.00 
chair 13 160 124 297 1.00 
chair 209 98 293 180 1.00 
chair 229 83 308 164 1.00 
chair 62 100 134 148 0.99 
chair 323 77 392 145 0.99 
chair 269 78 352 156 0.99 
table 5 227 544 607 0.98 
chair 217 138 291 224 0.97 
chair 131 90 225 181 0.97 
chair 130 117 220 227 0.97 
chair 184 91 271 170 0.95 
chair 0 92 72 195 0.93 
chair 62 64 143 135 0.52 
chair 342 119 430 203 1.00 
chair 129 147 215 272 1.00 
chair 287 126 375 221 1.00 
chair 13 160 124 297 1.00 
chair 209 98 293 180 1.00 
chair 229 83 308 164 1.00 
chair 62 100 134 148 0.99 
chair 323 77 392 145 0.99 
chair 269 78 352 156 0.99 
table 5 227 544 607 0.98 
chair 217 138 291 224 0.97 
chair 131 90 225 181 0.97 
chair 130 117 220 227 0.97 
chair 184 91 271 170 0.95 
chair 0 92 72 195 0.93 
chair 62 64 143 135 0.52 
