chair 710 148 807 272 1.00 
chair 508 158 665 320 1.00 
chair 378 259 594 519 1.00 
chair 379 147 512 279 1.00 
chair 249 137 338 250 0.99 
chair 205 120 292 212 0.99 
chair 607 165 770 344 0.99 
chair 711 114 773 170 0.99 
chair 391 105 444 185 0.99 
chair 322 118 401 214 0.99 
table 0 242 449 610 0.99 
chair 597 124 710 228 0.99 
table 328 163 787 404 0.98 
chair 316 186 479 382 0.98 
chair 111 141 150 233 0.96 
chair 143 144 239 224 0.94 
table 112 132 371 235 0.91 
chair 18 221 267 329 0.90 
chair 653 150 777 291 0.75 
chair 716 134 805 178 0.62 
table 621 115 768 195 0.59 
chair 165 132 266 213 0.51 
chair 710 148 807 272 1.00 
chair 508 158 665 320 1.00 
chair 378 259 594 519 1.00 
chair 379 147 512 279 1.00 
chair 249 137 338 250 0.99 
chair 205 120 292 212 0.99 
chair 607 165 770 344 0.99 
chair 711 114 773 170 0.99 
chair 391 105 444 185 0.99 
chair 322 118 401 214 0.99 
table 0 242 449 610 0.99 
chair 597 124 710 228 0.99 
table 328 163 787 404 0.98 
chair 316 186 479 382 0.98 
chair 111 141 150 233 0.96 
chair 143 144 239 224 0.94 
table 112 132 371 235 0.91 
chair 18 221 267 329 0.90 
chair 653 150 777 291 0.75 
chair 716 134 805 178 0.62 
table 621 115 768 195 0.59 
chair 165 132 266 213 0.51 
