chair 437 205 675 460 1.00 
chair 340 108 451 286 1.00 
chair 183 99 331 253 1.00 
table 150 169 770 463 1.00 
chair 171 193 439 437 1.00 
chair 63 105 197 270 0.98 
table 516 113 633 182 0.94 
chair 1 190 221 407 0.89 
chair 1 247 74 428 0.84 
table 62 85 337 167 0.78 
table 326 96 652 184 0.74 
chair 75 183 343 403 0.58 
chair 35 147 198 340 0.55 
chair 437 205 675 460 1.00 
chair 340 108 451 286 1.00 
chair 183 99 331 253 1.00 
table 150 169 770 463 1.00 
chair 171 193 439 437 1.00 
chair 63 105 197 270 0.98 
table 516 113 633 182 0.94 
chair 1 190 221 407 0.89 
chair 1 247 74 428 0.84 
table 62 85 337 167 0.78 
table 326 96 652 184 0.74 
chair 75 183 343 403 0.58 
chair 35 147 198 340 0.55 
