chair 587 163 690 257 1.00 
chair 330 181 480 314 1.00 
chair 652 143 741 251 1.00 
chair 476 123 556 211 0.99 
chair 381 127 467 202 0.99 
chair 201 259 547 602 0.99 
chair 762 152 833 236 0.98 
chair 441 233 659 537 0.98 
chair 660 189 794 341 0.97 
chair 0 146 75 301 0.97 
table 159 153 355 284 0.97 
chair 532 126 623 230 0.95 
chair 231 153 374 317 0.95 
chair 190 133 285 259 0.94 
table 338 133 550 230 0.91 
table 484 175 802 425 0.89 
chair 12 211 212 461 0.88 
table 266 206 687 566 0.87 
chair 481 134 599 233 0.79 
chair 1 165 127 367 0.76 
table 0 231 340 609 0.67 
chair 662 166 764 289 0.63 
table 503 148 657 238 0.55 
chair 587 163 690 257 1.00 
chair 330 181 480 314 1.00 
chair 652 143 741 251 1.00 
chair 476 123 556 211 0.99 
chair 381 127 467 202 0.99 
chair 201 259 547 602 0.99 
chair 762 152 833 236 0.98 
chair 441 233 659 537 0.98 
chair 660 189 794 341 0.97 
chair 0 146 75 301 0.97 
table 159 153 355 284 0.97 
chair 532 126 623 230 0.95 
chair 231 153 374 317 0.95 
chair 190 133 285 259 0.94 
table 338 133 550 230 0.91 
table 484 175 802 425 0.89 
chair 12 211 212 461 0.88 
table 266 206 687 566 0.87 
chair 481 134 599 233 0.79 
chair 1 165 127 367 0.76 
table 0 231 340 609 0.67 
chair 662 166 764 289 0.63 
table 503 148 657 238 0.55 
