chair 642 3 797 187 1.00 
chair 215 199 518 581 1.00 
chair 117 12 235 118 1.00 
chair 33 27 164 140 1.00 
chair 230 4 328 88 1.00 
chair 183 5 287 98 1.00 
chair 0 40 84 167 0.99 
table 0 75 487 519 0.98 
chair 292 3 371 70 0.98 
chair 259 0 352 79 0.78 
chair 642 3 797 187 1.00 
chair 215 199 518 581 1.00 
chair 117 12 235 118 1.00 
chair 33 27 164 140 1.00 
chair 230 4 328 88 1.00 
chair 183 5 287 98 1.00 
chair 0 40 84 167 0.99 
table 0 75 487 519 0.98 
chair 292 3 371 70 0.98 
chair 259 0 352 79 0.78 
