chair 293 9 389 121 1.00 
chair 452 24 535 134 1.00 
chair 308 88 503 352 1.00 
chair 640 39 759 196 1.00 
chair 9 117 144 312 1.00 
chair 558 122 838 496 1.00 
chair 43 143 197 363 1.00 
chair 510 34 650 194 1.00 
chair 103 212 436 577 1.00 
chair 251 7 337 120 1.00 
chair 383 25 447 84 0.99 
chair 412 107 647 370 0.99 
chair 38 168 283 470 0.99 
chair 243 294 699 601 0.99 
chair 208 60 312 173 0.98 
chair 232 76 399 285 0.96 
chair 229 34 321 148 0.72 
chair 359 26 463 143 0.57 
chair 293 9 389 121 1.00 
chair 452 24 535 134 1.00 
chair 308 88 503 352 1.00 
chair 640 39 759 196 1.00 
chair 9 117 144 312 1.00 
chair 558 122 838 496 1.00 
chair 43 143 197 363 1.00 
chair 510 34 650 194 1.00 
chair 103 212 436 577 1.00 
chair 251 7 337 120 1.00 
chair 383 25 447 84 0.99 
chair 412 107 647 370 0.99 
chair 38 168 283 470 0.99 
chair 243 294 699 601 0.99 
chair 208 60 312 173 0.98 
chair 232 76 399 285 0.96 
chair 229 34 321 148 0.72 
chair 359 26 463 143 0.57 
