chair 359 110 454 213 1.00 
chair 406 157 521 264 1.00 
chair 343 138 441 237 1.00 
chair 183 130 305 271 1.00 
chair 518 212 668 400 1.00 
chair 341 206 509 416 1.00 
chair 209 105 293 189 1.00 
bookshelf 479 36 842 285 0.99 
chair 534 145 675 287 0.99 
table 185 108 476 264 0.99 
chair 336 101 368 189 0.98 
table 370 158 673 390 0.90 
chair 140 114 272 215 0.88 
chair 287 114 445 254 0.64 
chair 387 138 495 241 0.56 
chair 370 173 517 336 0.53 
chair 291 105 371 195 0.52 
chair 359 110 454 213 1.00 
chair 406 157 521 264 1.00 
chair 343 138 441 237 1.00 
chair 183 130 305 271 1.00 
chair 518 212 668 400 1.00 
chair 341 206 509 416 1.00 
chair 209 105 293 189 1.00 
bookshelf 479 36 842 285 0.99 
chair 534 145 675 287 0.99 
table 185 108 476 264 0.99 
chair 336 101 368 189 0.98 
table 370 158 673 390 0.90 
chair 140 114 272 215 0.88 
chair 287 114 445 254 0.64 
chair 387 138 495 241 0.56 
chair 370 173 517 336 0.53 
chair 291 105 371 195 0.52 
