chair 598 226 672 303 1.00 
chair 207 208 320 326 1.00 
chair 269 254 393 388 1.00 
table 52 223 418 459 1.00 
chair 37 207 109 256 1.00 
chair 539 232 605 321 1.00 
chair 399 319 607 539 0.99 
chair 114 267 280 464 0.99 
chair 122 178 210 277 0.99 
chair 542 280 696 465 0.98 
chair 508 192 579 265 0.98 
chair 63 205 218 345 0.97 
chair 464 213 503 278 0.97 
chair 667 419 835 609 0.96 
table 381 299 782 599 0.96 
table 499 221 655 320 0.95 
table 563 325 836 600 0.86 
chair 751 372 833 525 0.82 
table 5 190 211 276 0.81 
table 447 222 528 290 0.70 
chair 95 237 255 396 0.59 
table 145 239 380 390 0.53 
chair 598 226 672 303 1.00 
chair 207 208 320 326 1.00 
chair 269 254 393 388 1.00 
table 52 223 418 459 1.00 
chair 37 207 109 256 1.00 
chair 539 232 605 321 1.00 
chair 399 319 607 539 0.99 
chair 114 267 280 464 0.99 
chair 122 178 210 277 0.99 
chair 542 280 696 465 0.98 
chair 508 192 579 265 0.98 
chair 63 205 218 345 0.97 
chair 464 213 503 278 0.97 
chair 667 419 835 609 0.96 
table 381 299 782 599 0.96 
table 499 221 655 320 0.95 
table 563 325 836 600 0.86 
chair 751 372 833 525 0.82 
table 5 190 211 276 0.81 
table 447 222 528 290 0.70 
chair 95 237 255 396 0.59 
table 145 239 380 390 0.53 
