chair 229 129 329 218 1.00 
chair 119 130 228 220 1.00 
chair 392 179 570 438 1.00 
chair 382 130 481 216 1.00 
chair 494 133 599 189 1.00 
table 373 149 655 313 0.99 
chair 562 180 759 427 0.99 
chair 93 188 315 439 0.98 
chair 0 196 147 370 0.98 
table 333 201 786 437 0.98 
chair 2 124 107 252 0.94 
table 14 126 391 240 0.73 
chair 5 155 123 306 0.73 
chair 10 206 225 403 0.56 
table 77 126 294 224 0.53 
chair 229 129 329 218 1.00 
chair 119 130 228 220 1.00 
chair 392 179 570 438 1.00 
chair 382 130 481 216 1.00 
chair 494 133 599 189 1.00 
table 373 149 655 313 0.99 
chair 562 180 759 427 0.99 
chair 93 188 315 439 0.98 
chair 0 196 147 370 0.98 
table 333 201 786 437 0.98 
chair 2 124 107 252 0.94 
table 14 126 391 240 0.73 
chair 5 155 123 306 0.73 
chair 10 206 225 403 0.56 
table 77 126 294 224 0.53 
