chair 438 95 539 204 1.00 
chair 336 24 395 86 1.00 
chair 376 53 449 122 1.00 
chair 507 135 696 278 1.00 
chair 351 130 511 365 1.00 
chair 279 51 367 147 1.00 
chair 305 91 412 253 1.00 
chair 700 269 834 504 1.00 
chair 450 267 825 607 0.98 
chair 254 20 321 76 0.97 
chair 438 95 539 204 1.00 
chair 336 24 395 86 1.00 
chair 376 53 449 122 1.00 
chair 507 135 696 278 1.00 
chair 351 130 511 365 1.00 
chair 279 51 367 147 1.00 
chair 305 91 412 253 1.00 
chair 700 269 834 504 1.00 
chair 450 267 825 607 0.98 
chair 254 20 321 76 0.97 
