chair 610 211 722 356 1.00 
chair 21 200 150 330 1.00 
chair 527 232 624 371 0.99 
chair 369 226 442 299 0.98 
table 436 248 527 354 0.97 
chair 269 188 351 320 0.94 
chair 784 225 833 403 0.91 
table 668 225 821 344 0.90 
table 163 219 274 309 0.89 
chair 297 223 352 335 0.85 
chair 610 211 722 356 1.00 
chair 21 200 150 330 1.00 
chair 527 232 624 371 0.99 
chair 369 226 442 299 0.98 
table 436 248 527 354 0.97 
chair 269 188 351 320 0.94 
chair 784 225 833 403 0.91 
table 668 225 821 344 0.90 
table 163 219 274 309 0.89 
chair 297 223 352 335 0.85 
