chair 671 197 827 411 1.00 
chair 411 142 548 281 1.00 
chair 474 125 544 189 1.00 
chair 232 102 296 170 1.00 
chair 439 213 627 444 0.99 
chair 298 129 381 202 0.99 
chair 615 116 729 207 0.99 
chair 222 120 304 193 0.99 
chair 565 87 654 186 0.99 
chair 296 147 427 289 0.99 
chair 150 158 293 273 0.98 
chair 365 86 450 197 0.98 
chair 714 122 806 261 0.98 
chair 537 117 651 228 0.97 
chair 515 136 656 279 0.97 
chair 296 99 366 161 0.97 
chair 614 137 760 276 0.96 
chair 437 87 519 181 0.95 
chair 503 83 595 183 0.94 
table 73 251 430 594 0.92 
chair 385 118 462 201 0.89 
chair 493 112 567 184 0.81 
chair 600 165 786 340 0.75 
chair 428 175 567 342 0.59 
chair 714 163 824 348 0.54 
chair 337 108 424 188 0.51 
chair 671 197 827 411 1.00 
chair 411 142 548 281 1.00 
chair 474 125 544 189 1.00 
chair 232 102 296 170 1.00 
chair 439 213 627 444 0.99 
chair 298 129 381 202 0.99 
chair 615 116 729 207 0.99 
chair 222 120 304 193 0.99 
chair 565 87 654 186 0.99 
chair 296 147 427 289 0.99 
chair 150 158 293 273 0.98 
chair 365 86 450 197 0.98 
chair 714 122 806 261 0.98 
chair 537 117 651 228 0.97 
chair 515 136 656 279 0.97 
chair 296 99 366 161 0.97 
chair 614 137 760 276 0.96 
chair 437 87 519 181 0.95 
chair 503 83 595 183 0.94 
table 73 251 430 594 0.92 
chair 385 118 462 201 0.89 
chair 493 112 567 184 0.81 
chair 600 165 786 340 0.75 
chair 428 175 567 342 0.59 
chair 714 163 824 348 0.54 
chair 337 108 424 188 0.51 
