sofa 255 246 774 610 1.00 
sofa 310 181 607 330 1.00 
table 590 237 760 374 1.00 
sofa 302 160 492 233 0.99 
table 494 256 692 418 0.99 
table 190 193 310 293 0.99 
sofa 54 149 300 260 0.99 
table 499 181 595 235 0.93 
table 571 207 678 247 0.82 
table 453 213 737 394 0.68 
sofa 255 246 774 610 1.00 
sofa 310 181 607 330 1.00 
table 590 237 760 374 1.00 
sofa 302 160 492 233 0.99 
table 494 256 692 418 0.99 
table 190 193 310 293 0.99 
sofa 54 149 300 260 0.99 
table 499 181 595 235 0.93 
table 571 207 678 247 0.82 
table 453 213 737 394 0.68 
