chair 557 332 830 603 1.00 
chair 102 364 443 603 1.00 
chair 408 88 474 186 0.99 
chair 2 186 166 356 0.99 
chair 567 109 657 194 0.99 
table 9 236 644 610 0.97 
chair 128 143 313 299 0.97 
chair 483 118 593 202 0.96 
chair 739 193 834 317 0.96 
table 661 184 834 404 0.91 
chair 339 93 427 148 0.91 
table 303 88 489 168 0.87 
table 7 149 325 330 0.82 
chair 780 165 833 301 0.82 
table 2 104 178 292 0.75 
chair 14 89 131 222 0.68 
chair 557 332 830 603 1.00 
chair 102 364 443 603 1.00 
chair 408 88 474 186 0.99 
chair 2 186 166 356 0.99 
chair 567 109 657 194 0.99 
table 9 236 644 610 0.97 
chair 128 143 313 299 0.97 
chair 483 118 593 202 0.96 
chair 739 193 834 317 0.96 
table 661 184 834 404 0.91 
chair 339 93 427 148 0.91 
table 303 88 489 168 0.87 
table 7 149 325 330 0.82 
chair 780 165 833 301 0.82 
table 2 104 178 292 0.75 
chair 14 89 131 222 0.68 
