chair 279 152 392 286 1.00 
chair 432 229 586 411 1.00 
chair 0 234 289 595 1.00 
chair 3 131 98 261 1.00 
chair 56 125 173 246 1.00 
chair 448 188 565 301 1.00 
chair 228 172 375 350 1.00 
chair 475 155 556 248 0.99 
chair 680 227 803 426 0.99 
chair 152 113 255 192 0.99 
chair 708 281 829 578 0.98 
chair 417 267 600 489 0.98 
chair 331 140 408 245 0.98 
chair 134 196 304 441 0.97 
chair 405 306 632 575 0.90 
chair 162 187 350 371 0.62 
chair 184 99 263 177 0.60 
chair 0 206 85 365 0.54 
chair 279 152 392 286 1.00 
chair 432 229 586 411 1.00 
chair 0 234 289 595 1.00 
chair 3 131 98 261 1.00 
chair 56 125 173 246 1.00 
chair 448 188 565 301 1.00 
chair 228 172 375 350 1.00 
chair 475 155 556 248 0.99 
chair 680 227 803 426 0.99 
chair 152 113 255 192 0.99 
chair 708 281 829 578 0.98 
chair 417 267 600 489 0.98 
chair 331 140 408 245 0.98 
chair 134 196 304 441 0.97 
chair 405 306 632 575 0.90 
chair 162 187 350 371 0.62 
chair 184 99 263 177 0.60 
chair 0 206 85 365 0.54 
