chair 190 259 357 468 1.00 
chair 585 204 702 328 1.00 
chair 340 206 465 328 1.00 
chair 189 182 276 274 1.00 
chair 143 237 270 417 0.99 
chair 356 279 537 526 0.99 
chair 709 172 789 256 0.99 
chair 213 203 338 325 0.99 
chair 31 205 122 317 0.99 
chair 127 193 226 320 0.99 
chair 89 179 155 257 0.99 
chair 647 179 724 291 0.99 
chair 755 212 837 335 0.99 
chair 417 172 470 222 0.99 
table 166 226 605 515 0.98 
chair 405 221 562 405 0.97 
chair 488 174 556 265 0.96 
chair 736 183 825 261 0.96 
chair 343 174 395 217 0.92 
table 74 189 259 311 0.92 
table 478 185 813 327 0.91 
chair 159 188 253 288 0.74 
chair 138 226 232 367 0.70 
chair 589 185 666 297 0.68 
chair 190 259 357 468 1.00 
chair 585 204 702 328 1.00 
chair 340 206 465 328 1.00 
chair 189 182 276 274 1.00 
chair 143 237 270 417 0.99 
chair 356 279 537 526 0.99 
chair 709 172 789 256 0.99 
chair 213 203 338 325 0.99 
chair 31 205 122 317 0.99 
chair 127 193 226 320 0.99 
chair 89 179 155 257 0.99 
chair 647 179 724 291 0.99 
chair 755 212 837 335 0.99 
chair 417 172 470 222 0.99 
table 166 226 605 515 0.98 
chair 405 221 562 405 0.97 
chair 488 174 556 265 0.96 
chair 736 183 825 261 0.96 
chair 343 174 395 217 0.92 
table 74 189 259 311 0.92 
table 478 185 813 327 0.91 
chair 159 188 253 288 0.74 
chair 138 226 232 367 0.70 
chair 589 185 666 297 0.68 
