chair 376 159 501 384 1.00 
chair 12 184 187 511 1.00 
chair 231 179 354 509 1.00 
chair 473 157 606 380 1.00 
chair 616 221 830 523 0.99 
chair 407 243 584 564 0.99 
chair 45 136 198 410 0.99 
chair 577 162 716 363 0.99 
chair 527 229 670 488 0.98 
chair 240 138 348 379 0.96 
chair 396 204 525 446 0.64 
chair 439 217 625 446 0.61 
chair 376 159 501 384 1.00 
chair 12 184 187 511 1.00 
chair 231 179 354 509 1.00 
chair 473 157 606 380 1.00 
chair 616 221 830 523 0.99 
chair 407 243 584 564 0.99 
chair 45 136 198 410 0.99 
chair 577 162 716 363 0.99 
chair 527 229 670 488 0.98 
chair 240 138 348 379 0.96 
chair 396 204 525 446 0.64 
chair 439 217 625 446 0.61 
