chair 472 176 550 303 1.00 
chair 218 208 292 332 1.00 
chair 557 184 651 363 1.00 
chair 95 228 229 477 1.00 
chair 659 296 753 400 1.00 
chair 529 335 651 478 0.99 
table 120 289 555 569 0.98 
chair 453 408 666 601 0.97 
table 9 212 180 459 0.89 
chair 507 367 652 542 0.75 
chair 472 176 550 303 1.00 
chair 218 208 292 332 1.00 
chair 557 184 651 363 1.00 
chair 95 228 229 477 1.00 
chair 659 296 753 400 1.00 
chair 529 335 651 478 0.99 
table 120 289 555 569 0.98 
chair 453 408 666 601 0.97 
table 9 212 180 459 0.89 
chair 507 367 652 542 0.75 
