chair 376 0 455 94 1.00 
table 168 252 676 609 1.00 
chair 558 1 681 92 1.00 
chair 535 202 648 373 1.00 
chair 340 183 433 315 1.00 
chair 482 0 598 94 0.99 
chair 419 1 523 97 0.99 
chair 156 181 240 346 0.99 
chair 487 189 568 348 0.99 
chair 631 399 820 590 0.98 
chair 397 184 486 304 0.98 
chair 363 233 489 353 0.98 
chair 183 204 320 406 0.98 
chair 111 217 315 506 0.96 
chair 317 182 389 270 0.89 
chair 34 214 119 395 0.88 
table 44 222 383 434 0.87 
chair 376 0 455 94 1.00 
table 168 252 676 609 1.00 
chair 558 1 681 92 1.00 
chair 535 202 648 373 1.00 
chair 340 183 433 315 1.00 
chair 482 0 598 94 0.99 
chair 419 1 523 97 0.99 
chair 156 181 240 346 0.99 
chair 487 189 568 348 0.99 
chair 631 399 820 590 0.98 
chair 397 184 486 304 0.98 
chair 363 233 489 353 0.98 
chair 183 204 320 406 0.98 
chair 111 217 315 506 0.96 
chair 317 182 389 270 0.89 
chair 34 214 119 395 0.88 
table 44 222 383 434 0.87 
