chair 270 335 448 591 1.00 
chair 546 36 646 222 1.00 
chair 528 253 644 408 1.00 
chair 268 234 368 346 1.00 
chair 55 191 162 314 1.00 
chair 183 195 299 348 0.99 
chair 182 258 289 418 0.99 
chair 631 39 750 241 0.99 
chair 62 268 209 446 0.99 
chair 717 195 834 373 0.98 
chair 343 42 443 226 0.98 
chair 639 268 754 422 0.97 
chair 2 229 135 405 0.95 
chair 450 52 541 244 0.92 
chair 133 211 228 343 0.74 
chair 782 270 835 437 0.72 
chair 270 335 448 591 1.00 
chair 546 36 646 222 1.00 
chair 528 253 644 408 1.00 
chair 268 234 368 346 1.00 
chair 55 191 162 314 1.00 
chair 183 195 299 348 0.99 
chair 182 258 289 418 0.99 
chair 631 39 750 241 0.99 
chair 62 268 209 446 0.99 
chair 717 195 834 373 0.98 
chair 343 42 443 226 0.98 
chair 639 268 754 422 0.97 
chair 2 229 135 405 0.95 
chair 450 52 541 244 0.92 
chair 133 211 228 343 0.74 
chair 782 270 835 437 0.72 
