chair 265 62 393 255 1.00 
chair 197 205 291 347 1.00 
chair 668 240 800 456 1.00 
chair 480 62 620 272 1.00 
chair 451 298 583 508 1.00 
chair 94 212 207 328 1.00 
chair 117 361 284 602 1.00 
chair 38 228 136 322 1.00 
chair 2 178 87 282 1.00 
chair 563 319 690 564 1.00 
chair 701 338 839 619 1.00 
chair 360 50 513 266 1.00 
chair 583 52 755 292 0.99 
chair 74 270 187 395 0.99 
chair 0 301 131 546 0.97 
chair 1 267 71 386 0.93 
chair 420 52 568 267 0.72 
chair 265 62 393 255 1.00 
chair 197 205 291 347 1.00 
chair 668 240 800 456 1.00 
chair 480 62 620 272 1.00 
chair 451 298 583 508 1.00 
chair 94 212 207 328 1.00 
chair 117 361 284 602 1.00 
chair 38 228 136 322 1.00 
chair 2 178 87 282 1.00 
chair 563 319 690 564 1.00 
chair 701 338 839 619 1.00 
chair 360 50 513 266 1.00 
chair 583 52 755 292 0.99 
chair 74 270 187 395 0.99 
chair 0 301 131 546 0.97 
chair 1 267 71 386 0.93 
chair 420 52 568 267 0.72 
