chair 409 40 633 249 1.00 
chair 533 53 794 335 1.00 
chair 180 28 297 154 1.00 
chair 143 178 434 536 1.00 
chair 330 40 543 235 1.00 
chair 251 216 633 604 0.99 
chair 6 142 218 372 0.99 
chair 250 33 400 191 0.99 
chair 294 38 464 207 0.98 
chair 69 156 340 461 0.98 
chair 409 40 633 249 1.00 
chair 533 53 794 335 1.00 
chair 180 28 297 154 1.00 
chair 143 178 434 536 1.00 
chair 330 40 543 235 1.00 
chair 251 216 633 604 0.99 
chair 6 142 218 372 0.99 
chair 250 33 400 191 0.99 
chair 294 38 464 207 0.98 
chair 69 156 340 461 0.98 
