chair 429 84 671 301 1.00 
chair 563 92 835 414 1.00 
chair 233 247 626 609 1.00 
chair 211 211 425 479 1.00 
chair 403 72 594 261 1.00 
chair 180 161 313 329 1.00 
chair 366 64 531 235 1.00 
chair 190 197 361 412 1.00 
chair 130 136 266 283 0.99 
chair 320 66 463 202 0.99 
chair 498 92 733 352 0.91 
chair 429 84 671 301 1.00 
chair 563 92 835 414 1.00 
chair 233 247 626 609 1.00 
chair 211 211 425 479 1.00 
chair 403 72 594 261 1.00 
chair 180 161 313 329 1.00 
chair 366 64 531 235 1.00 
chair 190 197 361 412 1.00 
chair 130 136 266 283 0.99 
chair 320 66 463 202 0.99 
chair 498 92 733 352 0.91 
