chair 214 122 334 244 1.00 
chair 327 112 430 235 1.00 
chair 550 190 833 536 1.00 
chair 450 151 664 417 1.00 
chair 376 146 522 315 1.00 
chair 79 130 198 230 1.00 
chair 247 341 641 600 0.99 
chair 92 179 308 369 0.99 
chair 332 428 681 608 0.98 
chair 147 222 439 591 0.82 
chair 214 122 334 244 1.00 
chair 327 112 430 235 1.00 
chair 550 190 833 536 1.00 
chair 450 151 664 417 1.00 
chair 376 146 522 315 1.00 
chair 79 130 198 230 1.00 
chair 247 341 641 600 0.99 
chair 92 179 308 369 0.99 
chair 332 428 681 608 0.98 
chair 147 222 439 591 0.82 
