chair 350 46 537 238 1.00 
chair 64 10 223 102 1.00 
chair 234 68 415 233 1.00 
chair 336 211 707 616 1.00 
chair 519 148 803 503 1.00 
chair 43 304 604 606 1.00 
chair 180 3 315 88 1.00 
chair 0 22 107 124 1.00 
chair 604 125 804 341 0.99 
chair 63 94 365 383 0.99 
chair 1 334 211 606 0.99 
chair 440 32 577 190 0.99 
chair 276 1 377 57 0.78 
chair 667 109 820 298 0.56 
chair 350 46 537 238 1.00 
chair 64 10 223 102 1.00 
chair 234 68 415 233 1.00 
chair 336 211 707 616 1.00 
chair 519 148 803 503 1.00 
chair 43 304 604 606 1.00 
chair 180 3 315 88 1.00 
chair 0 22 107 124 1.00 
chair 604 125 804 341 0.99 
chair 63 94 365 383 0.99 
chair 1 334 211 606 0.99 
chair 440 32 577 190 0.99 
chair 276 1 377 57 0.78 
chair 667 109 820 298 0.56 
