chair 114 61 218 219 1.00 
chair 288 50 424 150 0.99 
chair 269 146 600 361 0.99 
table 193 93 431 299 0.98 
chair 32 283 467 584 0.98 
chair 564 76 776 282 0.98 
table 1 110 279 490 0.95 
table 0 225 793 607 0.94 
chair 479 131 703 237 0.90 
chair 1 78 116 346 0.86 
table 575 141 828 310 0.57 
chair 114 61 218 219 1.00 
chair 288 50 424 150 0.99 
chair 269 146 600 361 0.99 
table 193 93 431 299 0.98 
chair 32 283 467 584 0.98 
chair 564 76 776 282 0.98 
table 1 110 279 490 0.95 
table 0 225 793 607 0.94 
chair 479 131 703 237 0.90 
chair 1 78 116 346 0.86 
table 575 141 828 310 0.57 
