chair 595 118 776 361 1.00 
chair 475 109 613 228 1.00 
chair 376 102 491 200 1.00 
chair 257 207 566 585 1.00 
chair 306 94 399 172 1.00 
chair 128 165 354 461 1.00 
chair 5 122 166 286 0.99 
table 448 140 828 395 0.99 
table 240 113 494 273 0.97 
table 46 216 654 609 0.97 
chair 51 150 236 364 0.92 
table 3 165 208 432 0.87 
chair 337 98 437 182 0.59 
chair 595 118 776 361 1.00 
chair 475 109 613 228 1.00 
chair 376 102 491 200 1.00 
chair 257 207 566 585 1.00 
chair 306 94 399 172 1.00 
chair 128 165 354 461 1.00 
chair 5 122 166 286 0.99 
table 448 140 828 395 0.99 
table 240 113 494 273 0.97 
table 46 216 654 609 0.97 
chair 51 150 236 364 0.92 
table 3 165 208 432 0.87 
chair 337 98 437 182 0.59 
