chair 145 32 240 185 1.00 
chair 353 27 459 180 1.00 
chair 223 21 292 126 1.00 
chair 192 158 571 549 1.00 
chair 79 102 286 438 1.00 
chair 287 43 408 233 0.99 
chair 53 57 214 192 0.99 
chair 548 16 634 189 0.99 
chair 207 59 373 291 0.99 
chair 2 88 67 292 0.99 
chair 697 73 837 331 0.99 
chair 0 166 205 600 0.99 
chair 374 93 615 399 0.97 
chair 486 50 614 281 0.97 
chair 730 123 836 452 0.77 
chair 705 21 833 151 0.66 
chair 56 150 367 566 0.51 
chair 145 32 240 185 1.00 
chair 353 27 459 180 1.00 
chair 223 21 292 126 1.00 
chair 192 158 571 549 1.00 
chair 79 102 286 438 1.00 
chair 287 43 408 233 0.99 
chair 53 57 214 192 0.99 
chair 548 16 634 189 0.99 
chair 207 59 373 291 0.99 
chair 2 88 67 292 0.99 
chair 697 73 837 331 0.99 
chair 0 166 205 600 0.99 
chair 374 93 615 399 0.97 
chair 486 50 614 281 0.97 
chair 730 123 836 452 0.77 
chair 705 21 833 151 0.66 
chair 56 150 367 566 0.51 
