chair 730 73 827 219 1.00 
chair 286 127 458 353 1.00 
chair 424 166 721 461 1.00 
chair 390 74 484 181 1.00 
chair 479 87 609 240 1.00 
chair 507 50 651 163 0.99 
chair 221 117 358 298 0.99 
chair 90 372 539 604 0.99 
chair 624 98 829 315 0.98 
chair 0 246 306 612 0.98 
chair 2 169 168 377 0.96 
chair 670 224 831 617 0.96 
chair 593 61 656 200 0.77 
chair 631 149 830 451 0.50 
chair 734 66 832 223 1.00 
chair 430 160 715 457 1.00 
chair 474 93 597 243 0.99 
chair 389 71 480 182 0.99 
chair 283 130 459 362 0.99 
chair 631 100 835 312 0.99 
chair 223 115 352 296 0.99 
chair 594 62 662 198 0.98 
chair 0 178 193 381 0.98 
chair 80 372 526 605 0.97 
chair 3 237 283 604 0.96 
chair 665 228 837 609 0.92 
chair 511 53 640 167 0.91 
chair 730 73 827 219 1.00 
chair 286 127 458 353 1.00 
chair 424 166 721 461 1.00 
chair 390 74 484 181 1.00 
chair 479 87 609 240 1.00 
chair 507 50 651 163 0.99 
chair 221 117 358 298 0.99 
chair 90 372 539 604 0.99 
chair 624 98 829 315 0.98 
chair 0 246 306 612 0.98 
chair 2 169 168 377 0.96 
chair 670 224 831 617 0.96 
chair 593 61 656 200 0.77 
chair 631 149 830 451 0.50 
