chair 6 396 243 605 1.00 
chair 568 134 824 328 1.00 
chair 610 54 740 145 1.00 
chair 348 106 508 300 0.99 
chair 290 158 471 368 0.99 
chair 593 396 815 587 0.99 
chair 601 98 787 207 0.98 
chair 185 191 462 473 0.98 
chair 71 251 418 610 0.98 
chair 561 190 823 596 0.61 
chair 6 396 243 605 1.00 
chair 568 134 824 328 1.00 
chair 610 54 740 145 1.00 
chair 348 106 508 300 0.99 
chair 290 158 471 368 0.99 
chair 593 396 815 587 0.99 
chair 601 98 787 207 0.98 
chair 185 191 462 473 0.98 
chair 71 251 418 610 0.98 
chair 561 190 823 596 0.61 
