chair 463 64 586 177 1.00 
chair 603 77 731 334 1.00 
chair 123 158 341 397 1.00 
chair 371 70 446 171 1.00 
chair 305 111 482 369 1.00 
chair 637 210 836 599 1.00 
table 244 168 699 606 0.99 
chair 0 222 289 557 0.99 
chair 53 426 436 605 0.94 
table 167 178 515 483 0.86 
chair 463 64 586 177 1.00 
chair 603 77 731 334 1.00 
chair 123 158 341 397 1.00 
chair 371 70 446 171 1.00 
chair 305 111 482 369 1.00 
chair 637 210 836 599 1.00 
table 244 168 699 606 0.99 
chair 0 222 289 557 0.99 
chair 53 426 436 605 0.94 
table 167 178 515 483 0.86 
