chair 245 201 475 524 1.00 
chair 52 151 187 324 1.00 
chair 122 134 254 266 1.00 
chair 381 145 573 421 1.00 
chair 0 207 131 470 1.00 
chair 296 104 402 240 1.00 
chair 259 150 434 376 1.00 
chair 365 127 514 347 0.99 
chair 535 138 709 377 0.99 
chair 199 114 311 258 0.99 
chair 126 193 313 442 0.99 
chair 492 109 640 330 0.99 
chair 38 261 379 614 0.96 
chair 25 173 167 392 0.86 
chair 233 113 356 242 0.69 
chair 183 180 374 419 0.54 
chair 245 201 475 524 1.00 
chair 52 151 187 324 1.00 
chair 122 134 254 266 1.00 
chair 381 145 573 421 1.00 
chair 0 207 131 470 1.00 
chair 296 104 402 240 1.00 
chair 259 150 434 376 1.00 
chair 365 127 514 347 0.99 
chair 535 138 709 377 0.99 
chair 199 114 311 258 0.99 
chair 126 193 313 442 0.99 
chair 492 109 640 330 0.99 
chair 38 261 379 614 0.96 
chair 25 173 167 392 0.86 
chair 233 113 356 242 0.69 
chair 183 180 374 419 0.54 
