chair 284 165 508 463 1.00 
chair 508 119 707 416 1.00 
chair 582 186 832 586 1.00 
chair 567 84 675 167 0.99 
chair 201 115 377 348 0.99 
chair 41 163 246 390 0.99 
table 345 161 741 597 0.99 
table 556 65 722 232 0.98 
chair 635 40 747 161 0.98 
chair 121 118 269 297 0.96 
chair 546 147 767 496 0.95 
table 102 125 340 337 0.87 
chair 220 164 441 417 0.59 
chair 284 165 508 463 1.00 
chair 508 119 707 416 1.00 
chair 582 186 832 586 1.00 
chair 567 84 675 167 0.99 
chair 201 115 377 348 0.99 
chair 41 163 246 390 0.99 
table 345 161 741 597 0.99 
table 556 65 722 232 0.98 
chair 635 40 747 161 0.98 
chair 121 118 269 297 0.96 
chair 546 147 767 496 0.95 
table 102 125 340 337 0.87 
chair 220 164 441 417 0.59 
