chair 336 272 613 599 1.00 
chair 528 51 669 277 1.00 
chair 416 60 568 279 1.00 
chair 236 79 361 241 1.00 
chair 314 81 470 282 0.99 
chair 96 179 343 422 0.99 
chair 36 154 213 366 0.99 
table 368 86 670 393 0.98 
table 262 99 539 351 0.98 
chair 657 138 830 458 0.95 
table 91 128 302 324 0.94 
table 149 120 418 331 0.89 
table 740 83 831 309 0.75 
chair 336 272 613 599 1.00 
chair 528 51 669 277 1.00 
chair 416 60 568 279 1.00 
chair 236 79 361 241 1.00 
chair 314 81 470 282 0.99 
chair 96 179 343 422 0.99 
chair 36 154 213 366 0.99 
table 368 86 670 393 0.98 
table 262 99 539 351 0.98 
chair 657 138 830 458 0.95 
table 91 128 302 324 0.94 
table 149 120 418 331 0.89 
table 740 83 831 309 0.75 
