chair 2 500 177 608 1.00 
chair 143 386 281 572 1.00 
chair 17 371 126 515 0.99 
chair 399 392 482 537 0.99 
chair 0 360 94 491 0.96 
table 6 412 290 576 0.96 
chair 260 374 326 523 0.94 
desk 127 335 632 539 0.94 
chair 161 373 207 497 0.77 
chair 39 394 165 534 0.72 
desk 359 325 594 542 0.68 
chair 2 500 177 608 1.00 
chair 143 386 281 572 1.00 
chair 17 371 126 515 0.99 
chair 399 392 482 537 0.99 
chair 0 360 94 491 0.96 
table 6 412 290 576 0.96 
chair 260 374 326 523 0.94 
desk 127 335 632 539 0.94 
chair 161 373 207 497 0.77 
chair 39 394 165 534 0.72 
desk 359 325 594 542 0.68 
