desk 340 279 431 369 0.91 
desk 642 430 795 607 0.89 
chair 400 439 623 606 0.88 
desk 274 352 478 535 0.87 
desk 216 282 382 391 0.86 
desk 150 381 428 606 0.86 
desk 649 269 784 416 0.86 
desk 492 392 698 570 0.86 
chair 614 322 717 423 0.83 
chair 116 321 251 493 0.77 
desk 251 267 350 358 0.73 
chair 187 293 279 391 0.70 
desk 1 338 158 594 0.67 
chair 506 294 591 372 0.64 
desk 500 304 639 426 0.64 
desk 297 390 604 604 0.59 
chair 671 307 763 426 0.58 
desk 586 307 758 431 0.55 
table 481 305 779 464 0.54 
desk 44 317 238 526 0.51 
desk 340 279 431 369 0.91 
desk 642 430 795 607 0.89 
chair 400 439 623 606 0.88 
desk 274 352 478 535 0.87 
desk 216 282 382 391 0.86 
desk 150 381 428 606 0.86 
desk 649 269 784 416 0.86 
desk 492 392 698 570 0.86 
chair 614 322 717 423 0.83 
chair 116 321 251 493 0.77 
desk 251 267 350 358 0.73 
chair 187 293 279 391 0.70 
desk 1 338 158 594 0.67 
chair 506 294 591 372 0.64 
desk 500 304 639 426 0.64 
desk 297 390 604 604 0.59 
chair 671 307 763 426 0.58 
desk 586 307 758 431 0.55 
table 481 305 779 464 0.54 
desk 44 317 238 526 0.51 
