chair 396 247 492 306 1.00 
chair 589 240 682 355 0.99 
chair 541 250 654 370 0.99 
chair 224 295 296 448 0.99 
desk 547 348 776 607 0.94 
chair 277 347 438 610 0.90 
chair 311 395 547 602 0.77 
chair 354 417 653 613 0.71 
table 445 228 647 332 0.70 
desk 246 271 418 432 0.62 
desk 369 305 560 439 0.60 
chair 264 303 422 517 0.51 
chair 396 247 492 306 1.00 
chair 589 240 682 355 0.99 
chair 541 250 654 370 0.99 
chair 224 295 296 448 0.99 
desk 547 348 776 607 0.94 
chair 277 347 438 610 0.90 
chair 311 395 547 602 0.77 
chair 354 417 653 613 0.71 
table 445 228 647 332 0.70 
desk 246 271 418 432 0.62 
desk 369 305 560 439 0.60 
chair 264 303 422 517 0.51 
