chair 586 322 672 464 0.99 
chair 146 309 266 453 0.99 
desk 505 329 603 441 0.99 
desk 384 446 634 607 0.98 
desk 61 269 310 390 0.97 
chair 0 284 58 395 0.92 
chair 470 458 698 605 0.89 
chair 4 360 133 504 0.88 
chair 279 329 389 476 0.85 
chair 24 304 156 444 0.80 
desk 530 342 653 472 0.77 
desk 0 376 130 605 0.67 
chair 73 298 208 439 0.50 
chair 586 322 672 464 0.99 
chair 146 309 266 453 0.99 
desk 505 329 603 441 0.99 
desk 384 446 634 607 0.98 
desk 61 269 310 390 0.97 
chair 0 284 58 395 0.92 
chair 470 458 698 605 0.89 
chair 4 360 133 504 0.88 
chair 279 329 389 476 0.85 
chair 24 304 156 444 0.80 
desk 530 342 653 472 0.77 
desk 0 376 130 605 0.67 
chair 73 298 208 439 0.50 
