chair 309 227 377 280 1.00 
chair 569 256 634 368 1.00 
chair 1 340 107 505 1.00 
table 580 427 798 608 0.98 
chair 737 309 800 431 0.97 
chair 655 252 751 355 0.96 
chair 486 243 558 317 0.96 
chair 603 277 762 456 0.91 
desk 667 274 800 436 0.88 
desk 462 256 698 372 0.87 
desk 239 331 447 567 0.87 
desk 529 291 733 485 0.86 
desk 432 305 595 508 0.85 
chair 67 291 275 600 0.83 
desk 452 283 638 456 0.76 
desk 27 318 203 562 0.64 
chair 586 262 738 356 0.58 
chair 309 227 377 280 1.00 
chair 569 256 634 368 1.00 
chair 1 340 107 505 1.00 
table 580 427 798 608 0.98 
chair 737 309 800 431 0.97 
chair 655 252 751 355 0.96 
chair 486 243 558 317 0.96 
chair 603 277 762 456 0.91 
desk 667 274 800 436 0.88 
desk 462 256 698 372 0.87 
desk 239 331 447 567 0.87 
desk 529 291 733 485 0.86 
desk 432 305 595 508 0.85 
chair 67 291 275 600 0.83 
desk 452 283 638 456 0.76 
desk 27 318 203 562 0.64 
chair 586 262 738 356 0.58 
