chair 593 447 783 610 0.99 
desk 114 209 212 312 0.98 
chair 158 221 219 307 0.97 
chair 527 318 696 517 0.97 
chair 586 280 723 418 0.95 
chair 73 258 174 375 0.91 
desk 0 376 238 603 0.91 
desk 520 256 640 399 0.90 
chair 453 221 523 330 0.88 
chair 275 214 356 317 0.88 
desk 426 229 536 361 0.85 
desk 467 202 570 285 0.83 
chair 4 277 125 381 0.82 
desk 426 308 598 519 0.78 
desk 194 212 283 317 0.78 
chair 355 221 441 329 0.78 
desk 9 235 195 345 0.76 
desk 330 357 593 595 0.75 
desk 210 227 365 317 0.73 
desk 130 220 329 315 0.58 
desk 494 297 620 487 0.53 
chair 593 447 783 610 0.99 
desk 114 209 212 312 0.98 
chair 158 221 219 307 0.97 
chair 527 318 696 517 0.97 
chair 586 280 723 418 0.95 
chair 73 258 174 375 0.91 
desk 0 376 238 603 0.91 
desk 520 256 640 399 0.90 
chair 453 221 523 330 0.88 
chair 275 214 356 317 0.88 
desk 426 229 536 361 0.85 
desk 467 202 570 285 0.83 
chair 4 277 125 381 0.82 
desk 426 308 598 519 0.78 
desk 194 212 283 317 0.78 
chair 355 221 441 329 0.78 
desk 9 235 195 345 0.76 
desk 330 357 593 595 0.75 
desk 210 227 365 317 0.73 
desk 130 220 329 315 0.58 
desk 494 297 620 487 0.53 
