chair 294 368 476 612 1.00 
chair 124 507 259 607 1.00 
chair 607 358 686 474 1.00 
chair 196 381 284 452 0.99 
chair 621 379 735 518 0.99 
chair 149 413 246 494 0.95 
chair 702 390 800 561 0.92 
desk 678 331 800 492 0.90 
table 0 367 166 603 0.89 
chair 150 456 270 598 0.83 
chair 294 368 476 612 1.00 
chair 124 507 259 607 1.00 
chair 607 358 686 474 1.00 
chair 196 381 284 452 0.99 
chair 621 379 735 518 0.99 
chair 149 413 246 494 0.95 
chair 702 390 800 561 0.92 
desk 678 331 800 492 0.90 
table 0 367 166 603 0.89 
chair 150 456 270 598 0.83 
