chair 447 330 598 529 1.00 
chair 255 300 329 417 1.00 
chair 160 500 426 607 1.00 
desk 372 313 771 587 1.00 
table 50 415 488 606 0.98 
chair 202 320 303 415 0.97 
chair 1 371 75 534 0.95 
chair 68 349 223 447 0.92 
desk 130 323 257 442 0.82 
desk 25 345 171 441 0.72 
chair 447 330 598 529 1.00 
chair 255 300 329 417 1.00 
chair 160 500 426 607 1.00 
desk 372 313 771 587 1.00 
table 50 415 488 606 0.98 
chair 202 320 303 415 0.97 
chair 1 371 75 534 0.95 
chair 68 349 223 447 0.92 
desk 130 323 257 442 0.82 
desk 25 345 171 441 0.72 
