desk 666 363 797 458 0.99 
chair 695 177 791 295 0.98 
chair 514 188 600 314 0.97 
chair 601 176 735 301 0.95 
desk 718 227 797 298 0.94 
chair 586 207 712 324 0.91 
desk 480 125 687 217 0.89 
chair 308 193 429 333 0.87 
desk 516 185 768 354 0.84 
desk 311 292 536 501 0.82 
chair 216 278 368 481 0.76 
desk 427 404 798 606 0.75 
chair 346 275 515 436 0.70 
chair 200 237 330 416 0.60 
desk 692 208 795 367 0.54 
desk 235 264 453 454 0.52 
desk 666 363 797 458 0.99 
chair 695 177 791 295 0.98 
chair 514 188 600 314 0.97 
chair 601 176 735 301 0.95 
desk 718 227 797 298 0.94 
chair 586 207 712 324 0.91 
desk 480 125 687 217 0.89 
chair 308 193 429 333 0.87 
desk 516 185 768 354 0.84 
desk 311 292 536 501 0.82 
chair 216 278 368 481 0.76 
desk 427 404 798 606 0.75 
chair 346 275 515 436 0.70 
chair 200 237 330 416 0.60 
desk 692 208 795 367 0.54 
desk 235 264 453 454 0.52 
