chair 372 296 461 368 1.00 
chair 160 321 288 454 0.99 
bookshelf 509 14 661 384 0.99 
chair 52 340 136 441 0.98 
desk 0 343 139 476 0.97 
chair 48 392 179 573 0.97 
desk 41 355 197 483 0.97 
chair 0 401 71 529 0.97 
desk 131 361 327 519 0.96 
desk 376 282 531 371 0.93 
chair 120 404 257 541 0.93 
chair 290 295 383 370 0.93 
chair 538 391 686 601 0.89 
chair 204 377 339 539 0.88 
chair 358 347 497 466 0.87 
chair 466 422 651 605 0.83 
desk 202 539 513 609 0.76 
desk 332 430 600 600 0.71 
desk 407 373 637 573 0.71 
chair 96 361 231 499 0.61 
chair 372 296 461 368 1.00 
chair 160 321 288 454 0.99 
bookshelf 509 14 661 384 0.99 
chair 52 340 136 441 0.98 
desk 0 343 139 476 0.97 
chair 48 392 179 573 0.97 
desk 41 355 197 483 0.97 
chair 0 401 71 529 0.97 
desk 131 361 327 519 0.96 
desk 376 282 531 371 0.93 
chair 120 404 257 541 0.93 
chair 290 295 383 370 0.93 
chair 538 391 686 601 0.89 
chair 204 377 339 539 0.88 
chair 358 347 497 466 0.87 
chair 466 422 651 605 0.83 
desk 202 539 513 609 0.76 
desk 332 430 600 600 0.71 
desk 407 373 637 573 0.71 
chair 96 361 231 499 0.61 
