chair 62 233 201 420 0.99 
chair 574 222 672 299 0.99 
chair 647 230 741 308 0.99 
chair 27 205 144 344 0.99 
chair 728 239 799 308 0.99 
chair 316 255 421 351 0.98 
chair 427 274 542 369 0.98 
chair 608 181 701 270 0.98 
chair 494 185 573 250 0.97 
chair 564 179 642 259 0.96 
chair 520 203 616 284 0.93 
chair 545 216 642 291 0.90 
table 292 229 555 364 0.87 
chair 679 218 759 304 0.77 
chair 532 184 619 259 0.74 
desk 513 204 782 304 0.72 
chair 706 227 781 302 0.66 
bookshelf 4 129 87 286 0.62 
chair 62 233 201 420 0.99 
chair 574 222 672 299 0.99 
chair 647 230 741 308 0.99 
chair 27 205 144 344 0.99 
chair 728 239 799 308 0.99 
chair 316 255 421 351 0.98 
chair 427 274 542 369 0.98 
chair 608 181 701 270 0.98 
chair 494 185 573 250 0.97 
chair 564 179 642 259 0.96 
chair 520 203 616 284 0.93 
chair 545 216 642 291 0.90 
table 292 229 555 364 0.87 
chair 679 218 759 304 0.77 
chair 532 184 619 259 0.74 
desk 513 204 782 304 0.72 
chair 706 227 781 302 0.66 
bookshelf 4 129 87 286 0.62 
