chair 107 285 161 416 0.96 
chair 643 262 744 372 0.94 
desk 709 350 799 477 0.94 
chair 446 273 527 413 0.93 
chair 732 284 796 359 0.89 
chair 594 378 796 550 0.89 
chair 215 432 444 591 0.87 
desk 236 422 614 586 0.82 
chair 573 255 659 362 0.81 
chair 0 218 68 382 0.80 
desk 686 281 780 364 0.78 
chair 163 365 319 572 0.73 
desk 274 475 675 608 0.66 
chair 141 310 293 495 0.58 
desk 127 289 269 418 0.56 
chair 140 421 379 602 0.55 
chair 107 285 161 416 0.96 
chair 643 262 744 372 0.94 
desk 709 350 799 477 0.94 
chair 446 273 527 413 0.93 
chair 732 284 796 359 0.89 
chair 594 378 796 550 0.89 
chair 215 432 444 591 0.87 
desk 236 422 614 586 0.82 
chair 573 255 659 362 0.81 
chair 0 218 68 382 0.80 
desk 686 281 780 364 0.78 
chair 163 365 319 572 0.73 
desk 274 475 675 608 0.66 
chair 141 310 293 495 0.58 
desk 127 289 269 418 0.56 
chair 140 421 379 602 0.55 
