chair 616 314 800 489 1.00 
chair 64 272 173 392 0.99 
chair 451 254 593 408 0.98 
chair 38 386 217 474 0.97 
desk 353 263 598 459 0.96 
chair 180 273 271 388 0.95 
chair 92 364 266 485 0.90 
chair 0 475 181 603 0.89 
chair 193 305 300 445 0.85 
desk 127 303 263 407 0.83 
desk 22 301 160 419 0.78 
desk 63 310 206 412 0.72 
desk 158 354 319 498 0.72 
desk 32 399 281 608 0.66 
desk 217 326 355 451 0.51 
chair 616 314 800 489 1.00 
chair 64 272 173 392 0.99 
chair 451 254 593 408 0.98 
chair 38 386 217 474 0.97 
desk 353 263 598 459 0.96 
chair 180 273 271 388 0.95 
chair 92 364 266 485 0.90 
chair 0 475 181 603 0.89 
chair 193 305 300 445 0.85 
desk 127 303 263 407 0.83 
desk 22 301 160 419 0.78 
desk 63 310 206 412 0.72 
desk 158 354 319 498 0.72 
desk 32 399 281 608 0.66 
desk 217 326 355 451 0.51 
