desk 596 319 768 437 0.99 
chair 485 250 578 374 0.98 
desk 365 256 489 391 0.97 
desk 356 436 620 594 0.97 
desk 0 371 137 559 0.97 
chair 323 325 422 421 0.95 
desk 0 294 121 387 0.93 
desk 0 449 60 599 0.91 
desk 217 317 337 423 0.90 
desk 182 396 394 569 0.83 
chair 24 450 306 603 0.76 
chair 176 312 289 376 0.73 
desk 347 307 451 430 0.71 
desk 20 408 208 579 0.51 
desk 596 319 768 437 0.99 
chair 485 250 578 374 0.98 
desk 365 256 489 391 0.97 
desk 356 436 620 594 0.97 
desk 0 371 137 559 0.97 
chair 323 325 422 421 0.95 
desk 0 294 121 387 0.93 
desk 0 449 60 599 0.91 
desk 217 317 337 423 0.90 
desk 182 396 394 569 0.83 
chair 24 450 306 603 0.76 
chair 176 312 289 376 0.73 
desk 347 307 451 430 0.71 
desk 20 408 208 579 0.51 
