chair 439 280 529 364 1.00 
chair 214 336 393 536 1.00 
chair 106 255 223 320 0.99 
chair 513 306 670 518 0.99 
table 433 251 789 513 0.99 
chair 561 243 695 401 0.99 
chair 48 301 240 486 0.99 
table 173 234 386 348 0.99 
chair 268 245 442 393 0.99 
chair 0 417 252 587 0.98 
chair 632 251 789 442 0.95 
table 8 332 386 607 0.91 
chair 1 379 93 589 0.88 
chair 573 284 746 430 0.51 
chair 439 280 529 364 1.00 
chair 214 336 393 536 1.00 
chair 106 255 223 320 0.99 
chair 513 306 670 518 0.99 
table 433 251 789 513 0.99 
chair 561 243 695 401 0.99 
chair 48 301 240 486 0.99 
table 173 234 386 348 0.99 
chair 268 245 442 393 0.99 
chair 0 417 252 587 0.98 
chair 632 251 789 442 0.95 
table 8 332 386 607 0.91 
chair 1 379 93 589 0.88 
chair 573 284 746 430 0.51 
