table 372 218 456 298 1.00 
chair 445 353 622 485 1.00 
chair 575 281 719 435 1.00 
chair 1 352 69 546 1.00 
chair 521 390 787 515 0.99 
desk 518 169 686 290 0.98 
desk 684 240 761 332 0.97 
table 441 287 796 545 0.97 
chair 471 374 711 495 0.95 
chair 695 341 796 571 0.90 
table 509 323 764 493 0.58 
table 372 218 456 298 1.00 
chair 445 353 622 485 1.00 
chair 575 281 719 435 1.00 
chair 1 352 69 546 1.00 
chair 521 390 787 515 0.99 
desk 518 169 686 290 0.98 
desk 684 240 761 332 0.97 
table 441 287 796 545 0.97 
chair 471 374 711 495 0.95 
chair 695 341 796 571 0.90 
table 509 323 764 493 0.58 
