desk 439 256 524 287 1.00 
chair 117 288 215 354 1.00 
chair 63 293 157 376 1.00 
desk 146 216 289 325 1.00 
chair 189 265 271 344 0.99 
chair 374 304 460 396 0.98 
chair 46 257 117 323 0.98 
chair 78 273 170 355 0.98 
chair 91 254 179 333 0.97 
desk 28 219 117 321 0.97 
chair 498 292 594 389 0.97 
chair 15 281 96 375 0.97 
chair 152 274 244 346 0.94 
chair 445 288 537 391 0.93 
chair 138 252 227 329 0.90 
chair 61 254 144 331 0.86 
desk 15 273 223 369 0.80 
chair 4 291 73 400 0.79 
chair 0 321 47 483 0.78 
chair 43 274 132 356 0.55 
desk 439 256 524 287 1.00 
chair 117 288 215 354 1.00 
chair 63 293 157 376 1.00 
desk 146 216 289 325 1.00 
chair 189 265 271 344 0.99 
chair 374 304 460 396 0.98 
chair 46 257 117 323 0.98 
chair 78 273 170 355 0.98 
chair 91 254 179 333 0.97 
desk 28 219 117 321 0.97 
chair 498 292 594 389 0.97 
chair 15 281 96 375 0.97 
chair 152 274 244 346 0.94 
chair 445 288 537 391 0.93 
chair 138 252 227 329 0.90 
chair 61 254 144 331 0.86 
desk 15 273 223 369 0.80 
chair 4 291 73 400 0.79 
chair 0 321 47 483 0.78 
chair 43 274 132 356 0.55 
