desk 370 305 520 431 0.95 
chair 562 248 660 372 0.95 
chair 535 422 752 523 0.92 
chair 673 350 791 458 0.91 
desk 715 244 798 294 0.90 
desk 81 268 316 470 0.88 
chair 79 332 208 565 0.84 
desk 478 273 622 414 0.83 
chair 176 422 360 601 0.77 
chair 146 307 294 447 0.76 
desk 230 455 612 610 0.74 
chair 218 307 374 453 0.72 
chair 643 233 753 351 0.71 
chair 245 322 382 413 0.68 
chair 486 266 554 369 0.67 
desk 525 442 799 609 0.67 
chair 325 290 422 397 0.64 
desk 200 404 478 596 0.63 
desk 687 243 793 355 0.62 
desk 605 269 696 382 0.62 
desk 109 324 311 551 0.59 
desk 655 391 797 520 0.59 
desk 481 287 556 438 0.58 
chair 354 297 466 412 0.56 
chair 529 275 605 384 0.52 
chair 623 251 722 367 0.50 
desk 370 305 520 431 0.95 
chair 562 248 660 372 0.95 
chair 535 422 752 523 0.92 
chair 673 350 791 458 0.91 
desk 715 244 798 294 0.90 
desk 81 268 316 470 0.88 
chair 79 332 208 565 0.84 
desk 478 273 622 414 0.83 
chair 176 422 360 601 0.77 
chair 146 307 294 447 0.76 
desk 230 455 612 610 0.74 
chair 218 307 374 453 0.72 
chair 643 233 753 351 0.71 
chair 245 322 382 413 0.68 
chair 486 266 554 369 0.67 
desk 525 442 799 609 0.67 
chair 325 290 422 397 0.64 
desk 200 404 478 596 0.63 
desk 687 243 793 355 0.62 
desk 605 269 696 382 0.62 
desk 109 324 311 551 0.59 
desk 655 391 797 520 0.59 
desk 481 287 556 438 0.58 
chair 354 297 466 412 0.56 
chair 529 275 605 384 0.52 
chair 623 251 722 367 0.50 
