chair 336 269 481 457 1.00 
chair 95 300 312 600 0.99 
chair 464 447 615 607 0.99 
chair 144 298 291 483 0.99 
chair 89 410 241 538 0.93 
table 157 327 440 549 0.91 
chair 341 271 476 469 1.00 
table 189 324 440 531 0.96 
chair 461 442 617 603 0.96 
chair 93 428 241 540 0.89 
chair 165 298 293 486 0.85 
chair 99 297 311 607 0.81 
chair 265 294 464 497 0.60 
chair 336 269 481 457 1.00 
chair 95 300 312 600 0.99 
chair 464 447 615 607 0.99 
chair 144 298 291 483 0.99 
chair 89 410 241 538 0.93 
table 157 327 440 549 0.91 
