chair 399 231 619 535 1.00 
chair 653 171 756 298 1.00 
chair 428 229 517 369 1.00 
chair 355 216 461 421 0.98 
chair 652 289 792 540 0.98 
chair 687 307 790 466 0.97 
chair 237 199 301 362 0.97 
desk 178 174 369 369 0.96 
chair 296 185 355 341 0.90 
table 423 211 772 533 0.74 
chair 399 231 619 535 1.00 
chair 653 171 756 298 1.00 
chair 428 229 517 369 1.00 
chair 355 216 461 421 0.98 
chair 652 289 792 540 0.98 
chair 687 307 790 466 0.97 
chair 237 199 301 362 0.97 
desk 178 174 369 369 0.96 
chair 296 185 355 341 0.90 
table 423 211 772 533 0.74 
