chair 430 153 514 282 1.00 
chair 477 173 625 343 1.00 
chair 341 153 430 292 1.00 
chair 541 161 665 303 1.00 
chair 253 170 348 342 1.00 
chair 358 170 496 349 0.98 
sofa 308 231 800 525 0.53 
chair 260 174 347 333 1.00 
chair 475 167 619 337 1.00 
chair 428 152 527 285 1.00 
chair 337 152 439 287 0.99 
chair 340 169 471 346 0.98 
chair 540 156 652 311 0.94 
chair 408 164 512 334 0.67 
chair 260 174 347 333 1.00 
chair 475 167 619 337 1.00 
chair 428 152 527 285 1.00 
chair 337 152 439 287 0.99 
chair 340 169 471 346 0.98 
chair 540 156 652 311 0.94 
chair 408 164 512 334 0.67 
chair 430 153 514 282 1.00 
chair 477 173 625 343 1.00 
chair 341 153 430 292 1.00 
chair 541 161 665 303 1.00 
chair 253 170 348 342 1.00 
chair 358 170 496 349 0.98 
sofa 308 231 800 525 0.53 
