sofa 29 196 567 456 1.00 
chair 402 167 505 245 1.00 
chair 54 148 122 206 1.00 
table 91 165 320 285 1.00 
table 191 415 744 609 1.00 
chair 527 182 599 259 1.00 
table 104 143 220 198 0.99 
chair 85 175 226 271 0.99 
table 465 177 587 264 0.98 
table 438 173 541 253 0.72 
sofa 29 196 567 456 1.00 
chair 402 167 505 245 1.00 
chair 54 148 122 206 1.00 
table 91 165 320 285 1.00 
table 191 415 744 609 1.00 
chair 527 182 599 259 1.00 
table 104 143 220 198 0.99 
chair 85 175 226 271 0.99 
table 465 177 587 264 0.98 
table 438 173 541 253 0.72 
