chair 139 185 329 523 1.00 
chair 127 172 233 354 0.99 
chair 252 174 364 395 0.99 
chair 432 198 596 447 0.98 
chair 491 181 632 415 0.98 
table 0 244 628 496 0.97 
chair 294 199 469 492 0.97 
chair 336 177 450 323 0.91 
chair 0 203 136 517 0.91 
chair 141 184 264 421 0.64 
chair 327 196 579 482 0.64 
chair 139 185 329 523 1.00 
chair 127 172 233 354 0.99 
chair 252 174 364 395 0.99 
chair 432 198 596 447 0.98 
chair 491 181 632 415 0.98 
table 0 244 628 496 0.97 
chair 294 199 469 492 0.97 
chair 336 177 450 323 0.91 
chair 0 203 136 517 0.91 
chair 141 184 264 421 0.64 
chair 327 196 579 482 0.64 
