chair 1 272 208 609 1.00 
chair 365 210 452 426 1.00 
chair 67 205 223 398 1.00 
chair 180 243 370 555 1.00 
chair 206 189 322 327 1.00 
chair 151 191 269 371 1.00 
chair 1 214 143 500 0.98 
table 11 250 461 531 0.97 
chair 355 232 416 443 0.95 
chair 430 209 477 381 0.93 
chair 1 272 208 609 1.00 
chair 365 210 452 426 1.00 
chair 67 205 223 398 1.00 
chair 180 243 370 555 1.00 
chair 206 189 322 327 1.00 
chair 151 191 269 371 1.00 
chair 1 214 143 500 0.98 
table 11 250 461 531 0.97 
chair 355 232 416 443 0.95 
chair 430 209 477 381 0.93 
