table 169 280 751 608 1.00 
chair 17 441 325 606 1.00 
chair 460 383 677 612 1.00 
chair 540 264 686 337 1.00 
chair 249 319 429 600 0.99 
chair 415 265 568 446 0.99 
chair 337 287 557 528 0.98 
chair 535 352 712 599 0.97 
chair 634 314 779 555 0.93 
chair 331 328 634 601 0.53 
table 169 280 751 608 1.00 
chair 17 441 325 606 1.00 
chair 460 383 677 612 1.00 
chair 540 264 686 337 1.00 
chair 249 319 429 600 0.99 
chair 415 265 568 446 0.99 
chair 337 287 557 528 0.98 
chair 535 352 712 599 0.97 
chair 634 314 779 555 0.93 
chair 331 328 634 601 0.53 
