chair 475 26 589 157 1.00 
chair 203 38 333 217 1.00 
chair 245 155 502 567 1.00 
chair 62 45 253 234 1.00 
chair 634 29 778 194 1.00 
chair 105 149 316 472 1.00 
chair 1 135 162 415 1.00 
chair 447 204 763 607 0.99 
table 55 51 799 494 0.89 
chair 186 148 418 519 0.87 
chair 475 26 589 157 1.00 
chair 203 38 333 217 1.00 
chair 245 155 502 567 1.00 
chair 62 45 253 234 1.00 
chair 634 29 778 194 1.00 
chair 105 149 316 472 1.00 
chair 1 135 162 415 1.00 
chair 447 204 763 607 0.99 
table 55 51 799 494 0.89 
chair 186 148 418 519 0.87 
