chair 524 247 644 383 1.00 
chair 586 189 788 490 1.00 
chair 163 157 260 313 1.00 
chair 282 151 381 272 0.99 
chair 325 185 550 430 0.99 
chair 230 169 367 370 0.99 
chair 408 171 559 341 0.98 
chair 343 161 431 308 0.97 
chair 241 115 320 209 0.82 
table 188 203 658 423 0.74 
chair 366 168 497 314 0.72 
chair 524 247 644 383 1.00 
chair 586 189 788 490 1.00 
chair 163 157 260 313 1.00 
chair 282 151 381 272 0.99 
chair 325 185 550 430 0.99 
chair 230 169 367 370 0.99 
chair 408 171 559 341 0.98 
chair 343 161 431 308 0.97 
chair 241 115 320 209 0.82 
table 188 203 658 423 0.74 
chair 366 168 497 314 0.72 
