table 218 292 776 600 1.00 
chair 501 254 634 329 1.00 
chair 412 259 535 352 1.00 
chair 723 300 798 455 0.99 
chair 471 450 713 600 0.99 
chair 0 365 125 605 0.99 
chair 142 370 317 542 0.99 
chair 553 396 745 596 0.98 
chair 690 359 798 512 0.98 
chair 74 397 488 603 0.95 
chair 591 357 778 552 0.53 
table 218 292 776 600 1.00 
chair 501 254 634 329 1.00 
chair 412 259 535 352 1.00 
chair 723 300 798 455 0.99 
chair 471 450 713 600 0.99 
chair 0 365 125 605 0.99 
chair 142 370 317 542 0.99 
chair 553 396 745 596 0.98 
chair 690 359 798 512 0.98 
chair 74 397 488 603 0.95 
chair 591 357 778 552 0.53 
