chair 367 168 534 359 1.00 
chair 249 196 474 554 1.00 
chair 459 225 716 593 1.00 
chair 314 164 445 335 1.00 
chair 476 177 642 272 1.00 
chair 57 176 195 412 0.99 
chair 183 205 376 490 0.99 
chair 139 170 214 340 0.97 
chair 127 200 259 428 0.96 
table 117 214 628 536 0.96 
chair 320 184 512 457 0.79 
chair 367 168 534 359 1.00 
chair 249 196 474 554 1.00 
chair 459 225 716 593 1.00 
chair 314 164 445 335 1.00 
chair 476 177 642 272 1.00 
chair 57 176 195 412 0.99 
chair 183 205 376 490 0.99 
chair 139 170 214 340 0.97 
chair 127 200 259 428 0.96 
table 117 214 628 536 0.96 
chair 320 184 512 457 0.79 
