chair 248 160 379 331 1.00 
chair 407 154 509 229 1.00 
chair 178 178 344 349 0.99 
chair 100 194 311 475 0.99 
chair 499 166 560 319 0.98 
chair 295 193 527 477 0.97 
chair 359 168 537 339 0.94 
chair 0 241 339 591 0.93 
table 1 211 111 432 0.85 
chair 687 134 797 355 0.80 
chair 197 180 397 413 0.52 
table 138 250 451 534 0.51 
chair 248 160 379 331 1.00 
chair 407 154 509 229 1.00 
chair 178 178 344 349 0.99 
chair 100 194 311 475 0.99 
chair 499 166 560 319 0.98 
chair 295 193 527 477 0.97 
chair 359 168 537 339 0.94 
chair 0 241 339 591 0.93 
table 1 211 111 432 0.85 
chair 687 134 797 355 0.80 
chair 197 180 397 413 0.52 
table 138 250 451 534 0.51 
