chair 584 146 705 314 1.00 
chair 460 192 604 328 1.00 
chair 509 277 720 579 1.00 
chair 290 217 512 589 0.99 
table 198 167 410 363 0.99 
table 261 208 711 537 0.98 
chair 638 213 771 424 0.96 
chair 560 250 741 495 0.95 
chair 404 205 562 390 0.94 
chair 584 146 705 314 1.00 
chair 460 192 604 328 1.00 
chair 509 277 720 579 1.00 
chair 290 217 512 589 0.99 
table 198 167 410 363 0.99 
table 261 208 711 537 0.98 
chair 638 213 771 424 0.96 
chair 560 250 741 495 0.95 
chair 404 205 562 390 0.94 
