chair 410 509 578 603 1.00 
chair 235 334 335 497 0.99 
chair 270 444 360 576 0.99 
chair 263 416 407 593 0.95 
table 263 366 724 587 0.94 
chair 248 369 361 548 0.92 
chair 486 379 711 598 0.89 
chair 542 464 693 596 0.87 
desk 57 308 241 443 0.82 
chair 410 509 578 603 1.00 
chair 235 334 335 497 0.99 
chair 270 444 360 576 0.99 
chair 263 416 407 593 0.95 
table 263 366 724 587 0.94 
chair 248 369 361 548 0.92 
chair 486 379 711 598 0.89 
chair 542 464 693 596 0.87 
desk 57 308 241 443 0.82 
