chair 297 178 623 606 1.00 
chair 228 138 416 414 1.00 
chair 418 126 563 319 0.99 
chair 469 116 595 296 0.99 
chair 80 167 274 324 0.99 
chair 0 333 283 608 0.98 
chair 618 152 749 426 0.98 
table 16 164 800 610 0.98 
chair 349 140 465 286 0.97 
chair 569 172 704 493 0.94 
table 23 271 527 604 0.57 
chair 297 178 623 606 1.00 
chair 228 138 416 414 1.00 
chair 418 126 563 319 0.99 
chair 469 116 595 296 0.99 
chair 80 167 274 324 0.99 
chair 0 333 283 608 0.98 
chair 618 152 749 426 0.98 
table 16 164 800 610 0.98 
chair 349 140 465 286 0.97 
chair 569 172 704 493 0.94 
table 23 271 527 604 0.57 
