chair 580 261 743 506 0.99 
chair 292 207 454 424 0.99 
chair 26 272 403 605 0.99 
chair 363 202 495 394 0.99 
chair 220 209 426 474 0.98 
chair 518 279 708 585 0.97 
chair 523 210 646 380 0.97 
chair 99 220 340 532 0.95 
chair 382 302 729 603 0.88 
chair 137 283 527 568 0.54 
chair 598 258 747 505 0.99 
chair 478 294 722 599 0.99 
chair 535 212 661 381 0.97 
chair 44 309 400 601 0.95 
table 15 280 720 611 0.95 
chair 190 216 403 493 0.92 
chair 340 208 453 391 0.82 
chair 119 214 320 521 0.79 
chair 264 219 428 425 0.75 
chair 523 251 679 517 0.72 
chair 154 254 471 565 0.54 
chair 580 261 743 506 0.99 
chair 292 207 454 424 0.99 
chair 26 272 403 605 0.99 
chair 363 202 495 394 0.99 
chair 220 209 426 474 0.98 
chair 518 279 708 585 0.97 
chair 523 210 646 380 0.97 
chair 99 220 340 532 0.95 
chair 382 302 729 603 0.88 
chair 137 283 527 568 0.54 
