chair 458 206 547 315 1.00 
chair 267 197 363 369 1.00 
chair 97 229 251 328 1.00 
chair 47 249 235 466 0.99 
chair 2 324 140 572 0.99 
chair 557 172 708 321 0.99 
chair 418 238 617 359 0.98 
chair 366 230 799 606 0.97 
chair 731 231 812 455 0.97 
chair 13 274 191 523 0.88 
chair 425 204 743 437 0.80 
chair 377 378 724 603 0.79 
chair 458 206 547 315 1.00 
chair 267 197 363 369 1.00 
chair 97 229 251 328 1.00 
chair 47 249 235 466 0.99 
chair 2 324 140 572 0.99 
chair 557 172 708 321 0.99 
chair 418 238 617 359 0.98 
chair 366 230 799 606 0.97 
chair 731 231 812 455 0.97 
chair 13 274 191 523 0.88 
chair 425 204 743 437 0.80 
chair 377 378 724 603 0.79 
