chair 578 222 754 435 1.00 
chair 223 248 442 532 1.00 
chair 319 253 611 606 1.00 
chair 2 353 517 607 0.99 
chair 658 219 801 433 0.99 
chair 386 239 529 399 0.99 
chair 102 247 312 487 0.99 
chair 558 305 812 606 0.99 
chair 434 220 598 346 0.99 
chair 20 368 277 610 0.98 
chair 0 327 89 520 0.98 
chair 12 337 172 562 0.98 
chair 168 256 380 494 0.85 
chair 578 222 754 435 1.00 
chair 223 248 442 532 1.00 
chair 319 253 611 606 1.00 
chair 2 353 517 607 0.99 
chair 658 219 801 433 0.99 
chair 386 239 529 399 0.99 
chair 102 247 312 487 0.99 
chair 558 305 812 606 0.99 
chair 434 220 598 346 0.99 
chair 20 368 277 610 0.98 
chair 0 327 89 520 0.98 
chair 12 337 172 562 0.98 
chair 168 256 380 494 0.85 
