chair 495 221 646 402 1.00 
chair 108 343 409 602 0.99 
chair 229 349 462 599 0.99 
chair 441 236 619 433 0.99 
chair 690 202 817 398 0.99 
chair 228 402 782 613 0.99 
chair 374 254 538 441 0.97 
chair 653 337 812 607 0.96 
chair 750 257 816 363 0.91 
chair 704 244 819 492 0.73 
chair 518 384 820 606 0.55 
chair 495 221 646 402 1.00 
chair 108 343 409 602 0.99 
chair 229 349 462 599 0.99 
chair 441 236 619 433 0.99 
chair 690 202 817 398 0.99 
chair 228 402 782 613 0.99 
chair 374 254 538 441 0.97 
chair 653 337 812 607 0.96 
chair 750 257 816 363 0.91 
chair 704 244 819 492 0.73 
chair 518 384 820 606 0.55 
