chair 432 376 820 607 1.00 
chair 407 273 560 434 1.00 
chair 210 265 425 472 0.99 
chair 212 370 551 606 0.99 
chair 81 351 236 578 0.99 
chair 94 298 266 460 0.99 
chair 2 301 122 581 0.98 
chair 528 262 677 430 0.97 
chair 512 285 748 502 0.97 
chair 132 280 380 545 0.94 
chair 658 244 810 442 0.93 
chair 361 306 531 442 0.86 
chair 51 304 216 491 0.74 
chair 223 327 477 547 0.73 
chair 81 313 194 436 0.54 
chair 432 376 820 607 1.00 
chair 407 273 560 434 1.00 
chair 210 265 425 472 0.99 
chair 212 370 551 606 0.99 
chair 81 351 236 578 0.99 
chair 94 298 266 460 0.99 
chair 2 301 122 581 0.98 
chair 528 262 677 430 0.97 
chair 512 285 748 502 0.97 
chair 132 280 380 545 0.94 
chair 658 244 810 442 0.93 
chair 361 306 531 442 0.86 
chair 51 304 216 491 0.74 
chair 223 327 477 547 0.73 
chair 81 313 194 436 0.54 
