chair 105 280 247 395 1.00 
chair 602 268 696 377 1.00 
chair 748 268 815 366 1.00 
chair 22 281 155 411 1.00 
chair 340 278 468 441 1.00 
chair 437 283 603 429 1.00 
chair 644 292 817 501 0.99 
chair 0 277 73 410 0.99 
chair 220 281 370 424 0.98 
table 1 444 234 611 0.96 
chair 157 279 311 409 0.72 
chair 105 280 247 395 1.00 
chair 602 268 696 377 1.00 
chair 748 268 815 366 1.00 
chair 22 281 155 411 1.00 
chair 340 278 468 441 1.00 
chair 437 283 603 429 1.00 
chair 644 292 817 501 0.99 
chair 0 277 73 410 0.99 
chair 220 281 370 424 0.98 
table 1 444 234 611 0.96 
chair 157 279 311 409 0.72 
