chair 12 185 124 323 1.00 
chair 156 226 258 344 1.00 
chair 199 268 407 507 1.00 
chair 598 247 746 359 1.00 
chair 247 234 358 303 1.00 
chair 0 399 88 594 0.99 
chair 375 217 508 365 0.98 
chair 1 272 127 556 0.96 
chair 547 267 813 610 0.96 
table 626 385 814 609 0.94 
chair 12 185 124 323 1.00 
chair 156 226 258 344 1.00 
chair 199 268 407 507 1.00 
chair 598 247 746 359 1.00 
chair 247 234 358 303 1.00 
chair 0 399 88 594 0.99 
chair 375 217 508 365 0.98 
chair 1 272 127 556 0.96 
chair 547 267 813 610 0.96 
table 626 385 814 609 0.94 
