chair 115 119 326 405 1.00 
chair 624 201 819 573 1.00 
chair 366 118 475 236 1.00 
chair 724 113 817 223 1.00 
chair 71 169 362 498 1.00 
chair 496 143 736 421 1.00 
chair 326 97 441 229 0.99 
chair 59 381 667 601 0.98 
chair 66 257 524 587 0.98 
chair 381 135 657 357 0.68 
chair 115 119 326 405 1.00 
chair 624 201 819 573 1.00 
chair 366 118 475 236 1.00 
chair 724 113 817 223 1.00 
chair 71 169 362 498 1.00 
chair 496 143 736 421 1.00 
chair 326 97 441 229 0.99 
chair 59 381 667 601 0.98 
chair 66 257 524 587 0.98 
chair 381 135 657 357 0.68 
