chair 474 167 575 248 1.00 
chair 719 148 816 273 1.00 
chair 543 178 671 319 1.00 
chair 351 179 534 352 1.00 
chair 633 184 798 333 1.00 
chair 218 157 316 238 0.99 
chair 307 165 443 308 0.99 
chair 633 171 757 213 0.98 
chair 240 159 349 257 0.96 
chair 474 167 575 248 1.00 
chair 719 148 816 273 1.00 
chair 543 178 671 319 1.00 
chair 351 179 534 352 1.00 
chair 633 184 798 333 1.00 
chair 218 157 316 238 0.99 
chair 307 165 443 308 0.99 
chair 633 171 757 213 0.98 
chair 240 159 349 257 0.96 
