chair 509 261 677 478 1.00 
chair 277 273 430 408 1.00 
chair 593 419 812 602 1.00 
chair 0 284 113 462 0.99 
chair 83 294 252 521 0.99 
chair 0 371 278 606 0.98 
chair 571 317 817 568 0.98 
table 234 259 534 408 0.97 
table 541 263 813 400 0.96 
chair 536 280 741 532 0.56 
chair 509 261 677 478 1.00 
chair 277 273 430 408 1.00 
chair 593 419 812 602 1.00 
chair 0 284 113 462 0.99 
chair 83 294 252 521 0.99 
chair 0 371 278 606 0.98 
chair 571 317 817 568 0.98 
table 234 259 534 408 0.97 
table 541 263 813 400 0.96 
chair 536 280 741 532 0.56 
