chair 231 176 379 325 1.00 
chair 388 218 595 492 1.00 
chair 122 175 282 327 1.00 
chair 558 149 736 394 1.00 
chair 161 236 440 592 1.00 
chair 450 160 588 308 0.99 
chair 1 265 314 606 0.99 
chair 310 144 497 316 0.99 
chair 1 222 140 458 0.99 
chair 21 179 195 388 0.99 
chair 62 166 228 332 0.97 
chair 274 165 441 356 0.76 
chair 222 197 403 408 0.75 
chair 77 188 237 435 0.63 
chair 562 141 735 400 1.00 
chair 394 191 595 509 1.00 
chair 0 268 303 603 1.00 
chair 179 238 453 597 0.99 
chair 229 182 369 318 0.99 
chair 10 178 177 365 0.94 
chair 318 152 491 300 0.88 
chair 158 178 310 312 0.85 
chair 245 182 420 368 0.80 
chair 114 177 263 329 0.80 
chair 51 191 231 399 0.64 
chair 458 162 592 297 0.58 
chair 231 176 379 325 1.00 
chair 388 218 595 492 1.00 
chair 122 175 282 327 1.00 
chair 558 149 736 394 1.00 
chair 161 236 440 592 1.00 
chair 450 160 588 308 0.99 
chair 1 265 314 606 0.99 
chair 310 144 497 316 0.99 
chair 1 222 140 458 0.99 
chair 21 179 195 388 0.99 
chair 62 166 228 332 0.97 
chair 274 165 441 356 0.76 
chair 222 197 403 408 0.75 
chair 77 188 237 435 0.63 
