chair 186 233 422 507 1.00 
chair 324 194 476 293 0.99 
chair 0 399 248 607 0.99 
chair 597 167 799 371 0.98 
chair 11 213 210 394 0.98 
chair 149 174 289 303 0.97 
chair 497 193 810 607 0.97 
chair 0 293 336 602 0.97 
chair 270 196 473 363 0.97 
chair 581 138 732 253 0.96 
chair 107 228 232 340 0.95 
chair 622 183 811 509 0.94 
chair 570 153 752 310 0.75 
chair 1 226 119 469 0.59 
chair 186 233 422 507 1.00 
chair 324 194 476 293 0.99 
chair 0 399 248 607 0.99 
chair 597 167 799 371 0.98 
chair 11 213 210 394 0.98 
chair 149 174 289 303 0.97 
chair 497 193 810 607 0.97 
chair 0 293 336 602 0.97 
chair 270 196 473 363 0.97 
chair 581 138 732 253 0.96 
chair 107 228 232 340 0.95 
chair 622 183 811 509 0.94 
chair 570 153 752 310 0.75 
chair 1 226 119 469 0.59 
