chair 165 257 269 400 1.00 
chair 240 248 389 399 1.00 
chair 303 297 661 609 1.00 
chair 52 356 382 606 0.98 
chair 108 302 276 556 0.98 
chair 6 294 105 427 0.98 
chair 16 306 141 482 0.97 
chair 1 346 132 594 0.96 
chair 260 275 463 539 0.95 
chair 132 303 430 558 0.67 
chair 165 257 269 400 1.00 
chair 240 248 389 399 1.00 
chair 303 297 661 609 1.00 
chair 52 356 382 606 0.98 
chair 108 302 276 556 0.98 
chair 6 294 105 427 0.98 
chair 16 306 141 482 0.97 
chair 1 346 132 594 0.96 
chair 260 275 463 539 0.95 
chair 132 303 430 558 0.67 
