chair 220 356 471 605 1.00 
chair 244 246 377 374 1.00 
chair 266 186 361 250 1.00 
chair 349 193 427 277 1.00 
chair 358 252 505 377 1.00 
chair 424 190 521 334 1.00 
chair 65 235 182 347 1.00 
chair 0 181 89 299 1.00 
chair 1 232 83 325 1.00 
chair 121 189 199 324 1.00 
chair 145 242 274 348 1.00 
chair 0 343 243 597 0.99 
chair 1 324 75 506 0.99 
chair 24 183 153 311 0.99 
chair 159 183 283 308 0.98 
chair 287 251 429 371 0.90 
chair 18 304 115 430 0.59 
chair 220 356 471 605 1.00 
chair 244 246 377 374 1.00 
chair 266 186 361 250 1.00 
chair 349 193 427 277 1.00 
chair 358 252 505 377 1.00 
chair 424 190 521 334 1.00 
chair 65 235 182 347 1.00 
chair 0 181 89 299 1.00 
chair 1 232 83 325 1.00 
chair 121 189 199 324 1.00 
chair 145 242 274 348 1.00 
chair 0 343 243 597 0.99 
chair 1 324 75 506 0.99 
chair 24 183 153 311 0.99 
chair 159 183 283 308 0.98 
chair 287 251 429 371 0.90 
chair 18 304 115 430 0.59 
