chair 552 152 759 315 1.00 
chair 472 79 585 206 1.00 
chair 160 52 296 180 1.00 
chair 2 53 176 219 1.00 
chair 347 32 505 202 1.00 
table 142 86 591 323 1.00 
chair 561 46 670 168 1.00 
chair 183 189 485 473 0.99 
chair 6 252 355 611 0.98 
table 48 149 478 543 0.80 
chair 552 152 759 315 1.00 
chair 472 79 585 206 1.00 
chair 160 52 296 180 1.00 
chair 2 53 176 219 1.00 
chair 347 32 505 202 1.00 
table 142 86 591 323 1.00 
chair 561 46 670 168 1.00 
chair 183 189 485 473 0.99 
chair 6 252 355 611 0.98 
table 48 149 478 543 0.80 
