chair 0 280 170 490 1.00 
chair 268 245 507 467 1.00 
chair 409 116 535 226 1.00 
chair 12 198 210 404 1.00 
chair 393 164 565 301 1.00 
chair 46 162 224 313 1.00 
chair 464 74 571 170 0.99 
chair 521 389 814 606 0.99 
chair 104 92 255 238 0.99 
chair 145 66 254 185 0.98 
table 505 37 812 365 0.95 
chair 442 88 554 198 0.91 
chair 78 140 251 276 0.66 
chair 112 161 252 244 0.55 
chair 0 280 170 490 1.00 
chair 268 245 507 467 1.00 
chair 409 116 535 226 1.00 
chair 12 198 210 404 1.00 
chair 393 164 565 301 1.00 
chair 46 162 224 313 1.00 
chair 464 74 571 170 0.99 
chair 521 389 814 606 0.99 
chair 104 92 255 238 0.99 
chair 145 66 254 185 0.98 
table 505 37 812 365 0.95 
chair 442 88 554 198 0.91 
chair 78 140 251 276 0.66 
chair 112 161 252 244 0.55 
