chair 147 122 256 208 1.00 
table 565 161 696 291 1.00 
chair 5 257 123 512 0.99 
chair 241 75 369 196 0.99 
chair 496 53 667 222 0.99 
chair 425 386 773 606 0.99 
chair 690 89 813 313 0.99 
chair 57 138 266 365 0.98 
chair 1 84 164 260 0.98 
table 489 141 591 236 0.98 
table 15 109 661 599 0.98 
chair 761 179 815 363 0.97 
chair 408 164 556 276 0.96 
chair 420 267 657 550 0.92 
table 536 114 686 258 0.83 
chair 401 257 596 359 0.52 
table 482 109 629 223 0.51 
chair 265 326 727 608 0.51 
chair 147 122 256 208 1.00 
table 565 161 696 291 1.00 
chair 5 257 123 512 0.99 
chair 241 75 369 196 0.99 
chair 496 53 667 222 0.99 
chair 425 386 773 606 0.99 
chair 690 89 813 313 0.99 
chair 57 138 266 365 0.98 
chair 1 84 164 260 0.98 
table 489 141 591 236 0.98 
table 15 109 661 599 0.98 
chair 761 179 815 363 0.97 
chair 408 164 556 276 0.96 
chair 420 267 657 550 0.92 
table 536 114 686 258 0.83 
chair 401 257 596 359 0.52 
table 482 109 629 223 0.51 
chair 265 326 727 608 0.51 
