chair 181 145 291 254 1.00 
chair 184 188 340 307 1.00 
chair 528 182 729 354 1.00 
chair 236 282 470 511 1.00 
chair 414 114 546 288 1.00 
chair 581 227 811 422 1.00 
chair 210 215 386 373 0.99 
chair 265 376 618 611 0.99 
chair 2 200 69 329 0.98 
chair 483 140 635 330 0.98 
chair 656 291 816 570 0.98 
chair 379 113 484 206 0.98 
chair 177 188 303 267 0.63 
chair 0 171 79 427 0.56 
chair 181 145 291 254 1.00 
chair 184 188 340 307 1.00 
chair 528 182 729 354 1.00 
chair 236 282 470 511 1.00 
chair 414 114 546 288 1.00 
chair 581 227 811 422 1.00 
chair 210 215 386 373 0.99 
chair 265 376 618 611 0.99 
chair 2 200 69 329 0.98 
chair 483 140 635 330 0.98 
chair 656 291 816 570 0.98 
chair 379 113 484 206 0.98 
chair 177 188 303 267 0.63 
chair 0 171 79 427 0.56 
