table 259 238 357 311 1.00 
chair 419 179 587 347 1.00 
chair 1 389 175 607 1.00 
chair 108 425 417 610 1.00 
table 0 208 429 611 0.99 
chair 0 280 49 374 0.99 
chair 1 313 84 451 0.98 
chair 174 258 338 427 0.98 
chair 172 225 295 346 0.97 
chair 259 340 431 494 0.96 
chair 19 385 328 598 0.78 
table 259 238 357 311 1.00 
chair 419 179 587 347 1.00 
chair 1 389 175 607 1.00 
chair 108 425 417 610 1.00 
table 0 208 429 611 0.99 
chair 0 280 49 374 0.99 
chair 1 313 84 451 0.98 
chair 174 258 338 427 0.98 
chair 172 225 295 346 0.97 
chair 259 340 431 494 0.96 
chair 19 385 328 598 0.78 
