chair 184 166 311 277 1.00 
chair 0 417 171 605 1.00 
chair 627 152 754 294 1.00 
chair 82 251 267 476 0.99 
chair 0 290 114 440 0.99 
chair 120 208 283 383 0.99 
chair 2 314 232 501 0.98 
chair 712 221 815 431 0.98 
chair 3 181 125 356 0.97 
chair 604 67 702 240 0.94 
chair 669 125 819 356 0.87 
chair 79 206 238 348 0.65 
chair 163 190 293 302 0.63 
chair 184 166 311 277 1.00 
chair 0 417 171 605 1.00 
chair 627 152 754 294 1.00 
chair 82 251 267 476 0.99 
chair 0 290 114 440 0.99 
chair 120 208 283 383 0.99 
chair 2 314 232 501 0.98 
chair 712 221 815 431 0.98 
chair 3 181 125 356 0.97 
chair 604 67 702 240 0.94 
chair 669 125 819 356 0.87 
chair 79 206 238 348 0.65 
chair 163 190 293 302 0.63 
