chair 477 235 596 329 1.00 
chair 407 269 564 387 1.00 
chair 354 303 534 438 1.00 
chair 327 226 424 298 1.00 
chair 370 211 469 281 1.00 
chair 121 300 283 413 1.00 
chair 25 426 341 612 0.99 
chair 99 273 231 399 0.99 
chair 148 230 275 352 0.99 
chair 265 246 392 332 0.99 
chair 534 203 641 265 0.98 
chair 16 279 126 435 0.98 
chair 0 361 145 588 0.98 
chair 209 269 354 376 0.98 
chair 513 211 621 289 0.98 
chair 456 254 580 356 0.97 
chair 167 283 314 393 0.93 
chair 62 260 177 415 0.71 
chair 633 157 702 207 0.68 
chair 477 235 596 329 1.00 
chair 407 269 564 387 1.00 
chair 354 303 534 438 1.00 
chair 327 226 424 298 1.00 
chair 370 211 469 281 1.00 
chair 121 300 283 413 1.00 
chair 25 426 341 612 0.99 
chair 99 273 231 399 0.99 
chair 148 230 275 352 0.99 
chair 265 246 392 332 0.99 
chair 534 203 641 265 0.98 
chair 16 279 126 435 0.98 
chair 0 361 145 588 0.98 
chair 209 269 354 376 0.98 
chair 513 211 621 289 0.98 
chair 456 254 580 356 0.97 
chair 167 283 314 393 0.93 
chair 62 260 177 415 0.71 
chair 633 157 702 207 0.68 
