chair 331 253 489 463 1.00 
chair 440 181 520 248 1.00 
chair 424 207 495 307 1.00 
chair 741 284 815 393 1.00 
table 317 206 817 608 1.00 
chair 291 141 419 270 1.00 
chair 305 346 515 557 0.98 
chair 691 243 784 320 0.98 
table 741 222 812 303 0.94 
chair 393 452 803 605 0.88 
chair 347 369 647 587 0.67 
chair 331 253 489 463 1.00 
chair 440 181 520 248 1.00 
chair 424 207 495 307 1.00 
chair 741 284 815 393 1.00 
table 317 206 817 608 1.00 
chair 291 141 419 270 1.00 
chair 305 346 515 557 0.98 
chair 691 243 784 320 0.98 
table 741 222 812 303 0.94 
chair 393 452 803 605 0.88 
chair 347 369 647 587 0.67 
