chair 542 381 654 495 1.00 
chair 415 350 537 438 1.00 
chair 737 478 816 610 1.00 
chair 374 418 566 604 0.99 
chair 104 333 209 451 0.99 
chair 718 408 815 545 0.99 
table 12 334 450 607 0.99 
chair 313 510 524 607 0.99 
chair 56 343 207 490 0.92 
chair 10 366 153 515 0.75 
chair 0 382 123 583 0.71 
chair 542 381 654 495 1.00 
chair 415 350 537 438 1.00 
chair 737 478 816 610 1.00 
chair 374 418 566 604 0.99 
chair 104 333 209 451 0.99 
chair 718 408 815 545 0.99 
table 12 334 450 607 0.99 
chair 313 510 524 607 0.99 
chair 56 343 207 490 0.92 
chair 10 366 153 515 0.75 
chair 0 382 123 583 0.71 
