chair 273 343 386 460 1.00 
chair 256 404 425 568 1.00 
chair 442 381 611 560 1.00 
chair 494 484 770 607 1.00 
chair 193 356 298 536 0.99 
chair 21 549 186 608 0.99 
chair 112 418 245 573 0.98 
chair 5 374 94 545 0.97 
chair 201 488 462 605 0.96 
chair 397 322 474 524 0.95 
chair 64 365 200 558 0.94 
chair 0 442 65 609 0.93 
chair 416 357 534 554 0.56 
chair 273 343 386 460 1.00 
chair 256 404 425 568 1.00 
chair 442 381 611 560 1.00 
chair 494 484 770 607 1.00 
chair 193 356 298 536 0.99 
chair 21 549 186 608 0.99 
chair 112 418 245 573 0.98 
chair 5 374 94 545 0.97 
chair 201 488 462 605 0.96 
chair 397 322 474 524 0.95 
chair 64 365 200 558 0.94 
chair 0 442 65 609 0.93 
chair 416 357 534 554 0.56 
