chair 0 346 185 554 1.00 
table 578 355 792 481 1.00 
chair 0 203 123 337 1.00 
chair 2 123 98 209 1.00 
chair 516 94 727 339 1.00 
chair 420 22 553 200 0.99 
chair 2 50 113 179 0.99 
chair 0 274 165 459 0.99 
chair 5 162 130 267 0.99 
chair 488 102 652 253 0.99 
table 654 133 813 384 0.96 
chair 0 346 185 554 1.00 
table 578 355 792 481 1.00 
chair 0 203 123 337 1.00 
chair 2 123 98 209 1.00 
chair 516 94 727 339 1.00 
chair 420 22 553 200 0.99 
chair 2 50 113 179 0.99 
chair 0 274 165 459 0.99 
chair 5 162 130 267 0.99 
chair 488 102 652 253 0.99 
table 654 133 813 384 0.96 
