chair 528 146 685 254 1.00 
chair 278 171 421 256 1.00 
chair 144 186 261 324 1.00 
chair 0 194 111 327 1.00 
chair 451 142 595 235 1.00 
chair 0 244 123 444 1.00 
table 292 205 799 582 0.99 
chair 163 276 441 538 0.99 
chair 544 390 823 604 0.98 
table 120 197 503 387 0.97 
chair 57 428 514 602 0.97 
chair 130 249 345 455 0.96 
table 134 178 463 307 0.93 
table 432 155 814 276 0.92 
chair 148 212 288 370 0.89 
table 152 213 563 505 0.84 
table 411 140 703 244 0.59 
chair 366 147 475 246 0.54 
chair 528 146 685 254 1.00 
chair 278 171 421 256 1.00 
chair 144 186 261 324 1.00 
chair 0 194 111 327 1.00 
chair 451 142 595 235 1.00 
chair 0 244 123 444 1.00 
table 292 205 799 582 0.99 
chair 163 276 441 538 0.99 
chair 544 390 823 604 0.98 
table 120 197 503 387 0.97 
chair 57 428 514 602 0.97 
chair 130 249 345 455 0.96 
table 134 178 463 307 0.93 
table 432 155 814 276 0.92 
chair 148 212 288 370 0.89 
table 152 213 563 505 0.84 
table 411 140 703 244 0.59 
chair 366 147 475 246 0.54 
