chair 546 274 815 603 1.00 
chair 78 91 185 189 1.00 
chair 357 180 562 378 1.00 
chair 51 77 147 158 1.00 
chair 370 242 661 501 1.00 
chair 181 487 321 606 1.00 
chair 167 142 350 282 1.00 
chair 109 113 241 231 1.00 
chair 253 164 439 339 0.99 
chair 0 387 146 606 0.99 
chair 0 262 50 449 0.99 
chair 134 146 287 254 0.92 
chair 2 318 100 581 0.67 
chair 359 301 517 381 0.51 
chair 546 274 815 603 1.00 
chair 78 91 185 189 1.00 
chair 357 180 562 378 1.00 
chair 51 77 147 158 1.00 
chair 370 242 661 501 1.00 
chair 181 487 321 606 1.00 
chair 167 142 350 282 1.00 
chair 109 113 241 231 1.00 
chair 253 164 439 339 0.99 
chair 0 387 146 606 0.99 
chair 0 262 50 449 0.99 
chair 134 146 287 254 0.92 
chair 2 318 100 581 0.67 
chair 359 301 517 381 0.51 
