chair 122 274 237 399 1.00 
chair 542 275 653 440 1.00 
chair 698 441 815 607 1.00 
chair 11 343 161 484 0.99 
chair 558 294 685 487 0.99 
chair 502 239 618 395 0.99 
table 367 276 492 383 0.99 
chair 619 287 749 575 0.98 
chair 0 406 123 605 0.96 
chair 25 321 185 441 0.66 
chair 650 380 805 593 0.51 
chair 122 274 237 399 1.00 
chair 542 275 653 440 1.00 
chair 698 441 815 607 1.00 
chair 11 343 161 484 0.99 
chair 558 294 685 487 0.99 
chair 502 239 618 395 0.99 
table 367 276 492 383 0.99 
chair 619 287 749 575 0.98 
chair 0 406 123 605 0.96 
chair 25 321 185 441 0.66 
chair 650 380 805 593 0.51 
