chair 471 307 678 475 1.00 
chair 541 261 704 385 1.00 
chair 241 174 376 294 1.00 
chair 565 199 680 279 1.00 
chair 674 227 796 332 1.00 
chair 150 196 330 350 0.98 
table 6 181 590 603 0.98 
chair 150 352 506 604 0.97 
chair 7 208 240 417 0.93 
chair 11 458 350 607 0.88 
table 86 199 560 441 0.70 
chair 471 307 678 475 1.00 
chair 541 261 704 385 1.00 
chair 241 174 376 294 1.00 
chair 565 199 680 279 1.00 
chair 674 227 796 332 1.00 
chair 150 196 330 350 0.98 
table 6 181 590 603 0.98 
chair 150 352 506 604 0.97 
chair 7 208 240 417 0.93 
chair 11 458 350 607 0.88 
table 86 199 560 441 0.70 
