chair 0 322 120 462 1.00 
chair 115 211 279 328 1.00 
chair 203 185 340 282 0.99 
chair 113 146 241 262 0.99 
chair 24 175 188 321 0.99 
chair 644 210 815 426 0.99 
chair 624 351 815 590 0.98 
chair 523 413 806 608 0.98 
chair 281 162 382 250 0.98 
chair 23 242 209 370 0.97 
chair 106 179 259 296 0.96 
chair 660 145 806 298 0.96 
chair 50 199 234 349 0.77 
chair 0 322 120 462 1.00 
chair 115 211 279 328 1.00 
chair 203 185 340 282 0.99 
chair 113 146 241 262 0.99 
chair 24 175 188 321 0.99 
chair 644 210 815 426 0.99 
chair 624 351 815 590 0.98 
chair 523 413 806 608 0.98 
chair 281 162 382 250 0.98 
chair 23 242 209 370 0.97 
chair 106 179 259 296 0.96 
chair 660 145 806 298 0.96 
chair 50 199 234 349 0.77 
