chair 53 287 177 405 1.00 
chair 0 226 112 341 1.00 
chair 102 204 228 328 1.00 
chair 3 418 289 610 1.00 
chair 506 204 591 286 1.00 
chair 232 239 365 291 1.00 
chair 628 205 781 287 0.99 
chair 367 225 508 336 0.99 
table 736 249 815 331 0.98 
table 241 295 656 608 0.97 
chair 165 333 372 471 0.94 
table 512 333 819 608 0.88 
table 251 247 631 379 0.54 
chair 53 287 177 405 1.00 
chair 0 226 112 341 1.00 
chair 102 204 228 328 1.00 
chair 3 418 289 610 1.00 
chair 506 204 591 286 1.00 
chair 232 239 365 291 1.00 
chair 628 205 781 287 0.99 
chair 367 225 508 336 0.99 
table 736 249 815 331 0.98 
table 241 295 656 608 0.97 
chair 165 333 372 471 0.94 
table 512 333 819 608 0.88 
table 251 247 631 379 0.54 
