chair 292 216 406 346 1.00 
chair 156 187 274 327 1.00 
chair 410 210 531 330 1.00 
chair 73 260 248 386 1.00 
chair 682 229 813 431 0.99 
chair 27 210 176 347 0.99 
chair 0 233 92 398 0.99 
table 366 430 817 609 0.98 
table 0 309 416 610 0.95 
table 251 259 792 407 0.68 
chair 292 216 406 346 1.00 
chair 156 187 274 327 1.00 
chair 410 210 531 330 1.00 
chair 73 260 248 386 1.00 
chair 682 229 813 431 0.99 
chair 27 210 176 347 0.99 
chair 0 233 92 398 0.99 
table 366 430 817 609 0.98 
table 0 309 416 610 0.95 
table 251 259 792 407 0.68 
