chair 523 253 817 609 1.00 
chair 707 48 813 167 1.00 
chair 681 71 808 206 1.00 
chair 120 238 455 504 1.00 
chair 361 128 553 334 1.00 
chair 0 358 223 559 0.99 
chair 674 165 815 371 0.99 
chair 289 165 506 445 0.99 
chair 731 142 811 295 0.98 
chair 403 113 572 269 0.62 
table 7 448 436 612 0.60 
chair 43 357 423 574 0.50 
chair 523 253 817 609 1.00 
chair 707 48 813 167 1.00 
chair 681 71 808 206 1.00 
chair 120 238 455 504 1.00 
chair 361 128 553 334 1.00 
chair 0 358 223 559 0.99 
chair 674 165 815 371 0.99 
chair 289 165 506 445 0.99 
chair 731 142 811 295 0.98 
chair 403 113 572 269 0.62 
table 7 448 436 612 0.60 
chair 43 357 423 574 0.50 
