chair 98 202 321 404 1.00 
chair 269 139 443 321 1.00 
chair 104 355 519 606 1.00 
chair 473 52 566 146 1.00 
chair 68 139 208 249 1.00 
chair 514 216 805 485 1.00 
chair 452 110 643 245 1.00 
chair 584 14 716 128 1.00 
chair 385 50 532 216 1.00 
chair 533 33 642 115 1.00 
chair 195 115 304 233 0.99 
chair 367 268 689 598 0.99 
chair 623 59 785 177 0.99 
chair 694 52 810 148 0.99 
chair 351 130 532 284 0.99 
chair 750 38 816 127 0.99 
chair 287 67 444 239 0.99 
chair 650 160 816 361 0.97 
chair 557 86 728 205 0.97 
chair 585 46 739 162 0.87 
chair 234 109 381 239 0.63 
chair 98 202 321 404 1.00 
chair 269 139 443 321 1.00 
chair 104 355 519 606 1.00 
chair 473 52 566 146 1.00 
chair 68 139 208 249 1.00 
chair 514 216 805 485 1.00 
chair 452 110 643 245 1.00 
chair 584 14 716 128 1.00 
chair 385 50 532 216 1.00 
chair 533 33 642 115 1.00 
chair 195 115 304 233 0.99 
chair 367 268 689 598 0.99 
chair 623 59 785 177 0.99 
chair 694 52 810 148 0.99 
chair 351 130 532 284 0.99 
chair 750 38 816 127 0.99 
chair 287 67 444 239 0.99 
chair 650 160 816 361 0.97 
chair 557 86 728 205 0.97 
chair 585 46 739 162 0.87 
chair 234 109 381 239 0.63 
