chair 119 184 264 304 1.00 
chair 365 155 488 241 1.00 
chair 345 192 495 338 1.00 
chair 177 157 305 277 1.00 
chair 402 111 498 196 1.00 
chair 222 140 323 208 1.00 
chair 277 240 493 418 0.99 
chair 2 265 188 547 0.99 
chair 201 347 485 596 0.98 
chair 1 190 114 347 0.98 
chair 45 228 237 443 0.98 
chair 0 388 97 586 0.93 
chair 59 142 183 218 0.88 
chair 302 234 474 355 0.87 
chair 94 209 249 336 0.75 
chair 32 212 189 350 0.69 
chair 304 321 492 433 0.50 
chair 119 184 264 304 1.00 
chair 365 155 488 241 1.00 
chair 345 192 495 338 1.00 
chair 177 157 305 277 1.00 
chair 402 111 498 196 1.00 
chair 222 140 323 208 1.00 
chair 277 240 493 418 0.99 
chair 2 265 188 547 0.99 
chair 201 347 485 596 0.98 
chair 1 190 114 347 0.98 
chair 45 228 237 443 0.98 
chair 0 388 97 586 0.93 
chair 59 142 183 218 0.88 
chair 302 234 474 355 0.87 
chair 94 209 249 336 0.75 
chair 32 212 189 350 0.69 
chair 304 321 492 433 0.50 
