chair 144 226 290 329 1.00 
chair 2 416 192 604 1.00 
chair 186 203 303 285 1.00 
chair 577 98 662 233 1.00 
chair 0 299 88 411 0.99 
chair 10 320 243 482 0.99 
chair 618 109 756 316 0.99 
chair 698 219 815 332 0.98 
chair 594 99 708 273 0.97 
chair 94 272 273 395 0.97 
chair 7 209 160 354 0.96 
table 461 155 553 246 0.94 
chair 4 245 113 384 0.70 
chair 56 214 205 343 0.67 
chair 144 226 290 329 1.00 
chair 2 416 192 604 1.00 
chair 186 203 303 285 1.00 
chair 577 98 662 233 1.00 
chair 0 299 88 411 0.99 
chair 10 320 243 482 0.99 
chair 618 109 756 316 0.99 
chair 698 219 815 332 0.98 
chair 594 99 708 273 0.97 
chair 94 272 273 395 0.97 
chair 7 209 160 354 0.96 
table 461 155 553 246 0.94 
chair 4 245 113 384 0.70 
chair 56 214 205 343 0.67 
