chair 566 152 661 260 1.00 
chair 139 318 359 596 1.00 
chair 690 311 815 444 1.00 
chair 654 254 812 429 0.99 
chair 191 253 373 402 0.99 
chair 334 184 391 318 0.96 
chair 13 389 343 613 0.94 
chair 246 218 378 346 0.93 
chair 343 171 397 239 0.93 
table 4 167 357 630 0.92 
chair 11 190 152 315 0.82 
chair 566 152 661 260 1.00 
chair 139 318 359 596 1.00 
chair 690 311 815 444 1.00 
chair 654 254 812 429 0.99 
chair 191 253 373 402 0.99 
chair 334 184 391 318 0.96 
chair 13 389 343 613 0.94 
chair 246 218 378 346 0.93 
chair 343 171 397 239 0.93 
table 4 167 357 630 0.92 
chair 11 190 152 315 0.82 
