chair 576 423 786 608 1.00 
chair 420 377 552 486 1.00 
chair 194 382 305 486 1.00 
chair 360 345 449 459 1.00 
chair 558 324 679 437 1.00 
chair 0 436 94 573 1.00 
chair 286 466 577 608 1.00 
chair 233 466 430 611 1.00 
chair 616 337 745 435 0.99 
chair 198 414 329 565 0.99 
chair 710 456 814 612 0.99 
chair 543 319 624 396 0.99 
chair 184 360 270 473 0.88 
chair 391 351 494 453 0.85 
chair 576 423 786 608 1.00 
chair 420 377 552 486 1.00 
chair 194 382 305 486 1.00 
chair 360 345 449 459 1.00 
chair 558 324 679 437 1.00 
chair 0 436 94 573 1.00 
chair 286 466 577 608 1.00 
chair 233 466 430 611 1.00 
chair 616 337 745 435 0.99 
chair 198 414 329 565 0.99 
chair 710 456 814 612 0.99 
chair 543 319 624 396 0.99 
chair 184 360 270 473 0.88 
chair 391 351 494 453 0.85 
