chair 427 313 684 539 1.00 
chair 104 306 301 484 1.00 
chair 264 371 559 606 1.00 
chair 707 206 816 326 1.00 
chair 346 188 454 274 1.00 
chair 450 209 603 320 1.00 
chair 566 175 693 259 1.00 
chair 510 195 657 275 1.00 
chair 680 237 812 358 1.00 
chair 57 222 160 307 0.99 
chair 258 263 437 402 0.99 
chair 147 247 278 353 0.99 
chair 0 246 95 337 0.99 
chair 5 468 224 606 0.99 
chair 24 272 150 405 0.98 
chair 646 156 749 221 0.98 
chair 0 294 95 428 0.96 
chair 0 384 121 574 0.96 
chair 752 184 816 275 0.95 
chair 675 140 767 209 0.88 
chair 705 130 785 194 0.79 
chair 393 168 525 272 0.78 
chair 7 257 123 368 0.60 
chair 610 165 732 239 0.56 
chair 427 313 684 539 1.00 
chair 104 306 301 484 1.00 
chair 264 371 559 606 1.00 
chair 707 206 816 326 1.00 
chair 346 188 454 274 1.00 
chair 450 209 603 320 1.00 
chair 566 175 693 259 1.00 
chair 510 195 657 275 1.00 
chair 680 237 812 358 1.00 
chair 57 222 160 307 0.99 
chair 258 263 437 402 0.99 
chair 147 247 278 353 0.99 
chair 0 246 95 337 0.99 
chair 5 468 224 606 0.99 
chair 24 272 150 405 0.98 
chair 646 156 749 221 0.98 
chair 0 294 95 428 0.96 
chair 0 384 121 574 0.96 
chair 752 184 816 275 0.95 
chair 675 140 767 209 0.88 
chair 705 130 785 194 0.79 
chair 393 168 525 272 0.78 
chair 7 257 123 368 0.60 
chair 610 165 732 239 0.56 
