chair 295 63 473 167 1.00 
chair 0 454 314 607 1.00 
chair 0 225 207 454 1.00 
chair 542 32 651 112 1.00 
table 176 72 821 605 0.99 
chair 472 204 785 425 0.99 
table 14 132 428 450 0.98 
table 170 68 512 174 0.96 
table 495 63 775 163 0.57 
table 135 121 622 512 0.54 
table 550 95 813 292 0.51 
chair 295 63 473 167 1.00 
chair 0 454 314 607 1.00 
chair 0 225 207 454 1.00 
chair 542 32 651 112 1.00 
table 176 72 821 605 0.99 
chair 472 204 785 425 0.99 
table 14 132 428 450 0.98 
table 170 68 512 174 0.96 
table 495 63 775 163 0.57 
table 135 121 622 512 0.54 
table 550 95 813 292 0.51 
