chair 622 204 785 332 1.00 
chair 393 322 813 605 1.00 
chair 685 135 816 289 1.00 
chair 544 151 702 272 0.99 
chair 137 289 468 580 0.99 
chair 8 410 372 608 0.99 
chair 320 219 537 458 0.98 
chair 705 263 813 435 0.91 
table 667 276 812 593 0.79 
chair 622 204 785 332 1.00 
chair 393 322 813 605 1.00 
chair 685 135 816 289 1.00 
chair 544 151 702 272 0.99 
chair 137 289 468 580 0.99 
chair 8 410 372 608 0.99 
chair 320 219 537 458 0.98 
chair 705 263 813 435 0.91 
table 667 276 812 593 0.79 
