chair 422 245 525 338 1.00 
chair 418 344 646 604 1.00 
chair 372 305 535 536 1.00 
chair 493 226 623 366 1.00 
chair 665 233 813 392 0.99 
chair 0 366 168 606 0.99 
table 386 254 799 610 0.99 
chair 0 284 122 423 0.99 
chair 473 372 779 598 0.98 
chair 5 308 153 487 0.78 
chair 422 245 525 338 1.00 
chair 418 344 646 604 1.00 
chair 372 305 535 536 1.00 
chair 493 226 623 366 1.00 
chair 665 233 813 392 0.99 
chair 0 366 168 606 0.99 
table 386 254 799 610 0.99 
chair 0 284 122 423 0.99 
chair 473 372 779 598 0.98 
chair 5 308 153 487 0.78 
