chair 42 176 231 307 1.00 
chair 257 155 364 249 1.00 
chair 474 109 578 233 1.00 
chair 347 128 480 267 1.00 
chair 138 104 230 236 1.00 
chair 10 118 120 245 0.99 
chair 535 393 809 615 0.99 
chair 687 236 815 379 0.96 
chair 0 250 194 358 0.96 
chair 594 313 818 561 0.91 
chair 0 129 815 623 0.75 
table 205 120 794 438 0.51 
chair 42 176 231 307 1.00 
chair 257 155 364 249 1.00 
chair 474 109 578 233 1.00 
chair 347 128 480 267 1.00 
chair 138 104 230 236 1.00 
chair 10 118 120 245 0.99 
chair 535 393 809 615 0.99 
chair 687 236 815 379 0.96 
chair 0 250 194 358 0.96 
chair 594 313 818 561 0.91 
chair 0 129 815 623 0.75 
table 205 120 794 438 0.51 
