chair 645 186 750 274 1.00 
chair 598 248 785 538 1.00 
chair 231 188 350 267 0.99 
chair 28 243 218 421 0.99 
desk 0 273 95 371 0.99 
chair 101 235 254 404 0.97 
table 0 457 251 606 0.97 
desk 292 238 466 603 0.97 
desk 359 218 518 397 0.89 
chair 649 220 775 434 0.74 
desk 755 294 813 461 0.65 
chair 761 460 815 609 0.54 
chair 645 186 750 274 1.00 
chair 598 248 785 538 1.00 
chair 231 188 350 267 0.99 
chair 28 243 218 421 0.99 
desk 0 273 95 371 0.99 
chair 101 235 254 404 0.97 
table 0 457 251 606 0.97 
desk 292 238 466 603 0.97 
desk 359 218 518 397 0.89 
chair 649 220 775 434 0.74 
desk 755 294 813 461 0.65 
chair 761 460 815 609 0.54 
