chair 129 118 271 222 1.00 
chair 479 120 629 237 1.00 
chair 3 133 154 263 1.00 
chair 239 108 391 217 1.00 
chair 141 198 370 427 0.99 
chair 585 137 767 303 0.99 
chair 461 201 749 441 0.99 
chair 0 182 118 413 0.99 
chair 274 133 443 224 0.94 
chair 187 204 809 607 0.94 
chair 45 225 349 505 0.90 
chair 81 230 561 587 0.69 
chair 414 237 778 556 0.61 
chair 129 118 271 222 1.00 
chair 479 120 629 237 1.00 
chair 3 133 154 263 1.00 
chair 239 108 391 217 1.00 
chair 141 198 370 427 0.99 
chair 585 137 767 303 0.99 
chair 461 201 749 441 0.99 
chair 0 182 118 413 0.99 
chair 274 133 443 224 0.94 
chair 187 204 809 607 0.94 
chair 45 225 349 505 0.90 
chair 81 230 561 587 0.69 
chair 414 237 778 556 0.61 
