chair 721 5 814 93 1.00 
chair 347 175 597 528 1.00 
chair 385 79 561 256 1.00 
chair 353 8 512 174 1.00 
chair 638 0 723 163 1.00 
chair 1 490 283 609 0.99 
chair 70 132 355 371 0.99 
chair 534 12 682 180 0.99 
chair 191 93 348 244 0.99 
chair 24 189 367 554 0.99 
chair 633 407 814 605 0.99 
chair 233 20 371 190 0.98 
table 591 76 817 600 0.91 
chair 371 148 567 379 0.60 
chair 721 5 814 93 1.00 
chair 347 175 597 528 1.00 
chair 385 79 561 256 1.00 
chair 353 8 512 174 1.00 
chair 638 0 723 163 1.00 
chair 1 490 283 609 0.99 
chair 70 132 355 371 0.99 
chair 534 12 682 180 0.99 
chair 191 93 348 244 0.99 
chair 24 189 367 554 0.99 
chair 633 407 814 605 0.99 
chair 233 20 371 190 0.98 
table 591 76 817 600 0.91 
chair 371 148 567 379 0.60 
