chair 142 287 245 394 1.00 
chair 211 278 344 426 1.00 
chair 445 258 536 381 1.00 
chair 681 262 768 326 0.99 
chair 567 292 732 428 0.99 
table 176 304 531 579 0.99 
chair 2 320 124 410 0.99 
chair 87 314 265 486 0.99 
chair 0 385 222 534 0.96 
chair 591 256 689 370 0.94 
table 0 370 404 608 0.93 
table 467 371 809 608 0.89 
table 489 297 789 442 0.87 
chair 142 287 245 394 1.00 
chair 211 278 344 426 1.00 
chair 445 258 536 381 1.00 
chair 681 262 768 326 0.99 
chair 567 292 732 428 0.99 
table 176 304 531 579 0.99 
chair 2 320 124 410 0.99 
chair 87 314 265 486 0.99 
chair 0 385 222 534 0.96 
chair 591 256 689 370 0.94 
table 0 370 404 608 0.93 
table 467 371 809 608 0.89 
table 489 297 789 442 0.87 
