chair 2 344 291 601 1.00 
chair 246 195 442 346 1.00 
chair 591 107 719 233 1.00 
chair 524 179 669 285 0.99 
chair 494 125 604 234 0.99 
chair 96 247 369 492 0.99 
chair 684 148 811 316 0.97 
table 505 230 816 602 0.94 
chair 563 230 779 343 0.92 
chair 338 267 695 607 0.86 
table 657 176 819 392 0.81 
chair 544 192 729 306 0.75 
chair 2 344 291 601 1.00 
chair 246 195 442 346 1.00 
chair 591 107 719 233 1.00 
chair 524 179 669 285 0.99 
chair 494 125 604 234 0.99 
chair 96 247 369 492 0.99 
chair 684 148 811 316 0.97 
table 505 230 816 602 0.94 
chair 563 230 779 343 0.92 
chair 338 267 695 607 0.86 
table 657 176 819 392 0.81 
chair 544 192 729 306 0.75 
