chair 274 54 402 157 1.00 
chair 332 46 437 105 1.00 
chair 603 2 752 98 1.00 
chair 339 255 704 609 1.00 
chair 472 0 604 117 1.00 
chair 447 68 632 259 0.99 
table 592 163 818 478 0.96 
table 454 36 832 306 0.96 
chair 497 105 729 343 0.87 
table 442 0 831 118 0.85 
chair 274 54 402 157 1.00 
chair 332 46 437 105 1.00 
chair 603 2 752 98 1.00 
chair 339 255 704 609 1.00 
chair 472 0 604 117 1.00 
chair 447 68 632 259 0.99 
table 592 163 818 478 0.96 
table 454 36 832 306 0.96 
chair 497 105 729 343 0.87 
table 442 0 831 118 0.85 
