chair 451 230 644 411 1.00 
chair 466 112 600 229 1.00 
chair 624 106 732 193 1.00 
chair 364 146 481 236 1.00 
chair 254 181 403 338 1.00 
table 338 141 764 350 0.99 
table 501 354 820 605 0.96 
table 666 119 817 219 0.96 
table 453 180 819 389 0.89 
chair 395 138 525 228 0.54 
table 365 125 687 267 0.52 
chair 451 230 644 411 1.00 
chair 466 112 600 229 1.00 
chair 624 106 732 193 1.00 
chair 364 146 481 236 1.00 
chair 254 181 403 338 1.00 
table 338 141 764 350 0.99 
table 501 354 820 605 0.96 
table 666 119 817 219 0.96 
table 453 180 819 389 0.89 
chair 395 138 525 228 0.54 
table 365 125 687 267 0.52 
