chair 453 123 654 277 1.00 
chair 182 333 590 613 1.00 
chair 412 85 570 196 1.00 
chair 332 190 598 400 1.00 
chair 93 112 275 232 1.00 
chair 705 201 816 334 1.00 
chair 2 416 223 606 0.99 
table 0 236 400 603 0.99 
table 127 118 571 414 0.98 
table 0 121 340 238 0.92 
table 37 122 460 312 0.74 
chair 399 97 606 245 0.66 
chair 300 262 585 568 0.63 
chair 405 167 605 325 0.53 
chair 453 123 654 277 1.00 
chair 182 333 590 613 1.00 
chair 412 85 570 196 1.00 
chair 332 190 598 400 1.00 
chair 93 112 275 232 1.00 
chair 705 201 816 334 1.00 
chair 2 416 223 606 0.99 
table 0 236 400 603 0.99 
table 127 118 571 414 0.98 
table 0 121 340 238 0.92 
table 37 122 460 312 0.74 
chair 399 97 606 245 0.66 
chair 300 262 585 568 0.63 
chair 405 167 605 325 0.53 
