chair 230 355 457 603 1.00 
chair 515 297 647 438 1.00 
chair 696 280 811 367 0.99 
chair 359 169 504 257 0.99 
table 426 316 805 456 0.97 
chair 631 279 698 341 0.97 
chair 634 318 803 439 0.94 
table 430 400 821 604 0.90 
table 133 337 643 592 0.89 
table 1 422 296 608 0.88 
chair 367 293 515 430 0.56 
chair 230 355 457 603 1.00 
chair 515 297 647 438 1.00 
chair 696 280 811 367 0.99 
chair 359 169 504 257 0.99 
table 426 316 805 456 0.97 
chair 631 279 698 341 0.97 
chair 634 318 803 439 0.94 
table 430 400 821 604 0.90 
table 133 337 643 592 0.89 
table 1 422 296 608 0.88 
chair 367 293 515 430 0.56 
