chair 275 313 435 492 1.00 
chair 397 269 552 382 1.00 
chair 533 247 687 384 1.00 
chair 516 392 806 607 1.00 
chair 428 238 537 300 0.99 
chair 334 251 408 363 0.99 
chair 676 250 806 387 0.98 
table 391 281 832 439 0.97 
table 447 307 799 523 0.94 
chair 419 251 540 343 0.66 
table 705 255 811 510 0.60 
chair 275 313 435 492 1.00 
chair 397 269 552 382 1.00 
chair 533 247 687 384 1.00 
chair 516 392 806 607 1.00 
chair 428 238 537 300 0.99 
chair 334 251 408 363 0.99 
chair 676 250 806 387 0.98 
table 391 281 832 439 0.97 
table 447 307 799 523 0.94 
chair 419 251 540 343 0.66 
table 705 255 811 510 0.60 
