chair 426 101 541 242 1.00 
chair 416 256 648 498 1.00 
chair 492 198 674 407 1.00 
chair 577 145 761 335 1.00 
chair 216 203 383 356 0.99 
chair 200 317 406 529 0.99 
chair 1 351 150 556 0.99 
table 246 151 654 333 0.97 
chair 297 158 460 301 0.96 
chair 426 101 541 242 1.00 
chair 416 256 648 498 1.00 
chair 492 198 674 407 1.00 
chair 577 145 761 335 1.00 
chair 216 203 383 356 0.99 
chair 200 317 406 529 0.99 
chair 1 351 150 556 0.99 
table 246 151 654 333 0.97 
chair 297 158 460 301 0.96 
