chair 335 178 515 295 1.00 
chair 357 93 482 212 1.00 
chair 664 99 807 235 1.00 
chair 258 100 353 230 1.00 
chair 605 71 709 156 1.00 
chair 421 204 632 374 1.00 
chair 3 208 208 385 1.00 
chair 2 270 229 571 1.00 
chair 26 141 201 315 0.99 
chair 320 308 591 602 0.99 
chair 511 109 687 272 0.99 
table 488 173 806 433 0.98 
table 475 127 798 287 0.97 
chair 364 474 674 605 0.96 
chair 373 180 580 335 0.74 
chair 335 178 515 295 1.00 
chair 357 93 482 212 1.00 
chair 664 99 807 235 1.00 
chair 258 100 353 230 1.00 
chair 605 71 709 156 1.00 
chair 421 204 632 374 1.00 
chair 3 208 208 385 1.00 
chair 2 270 229 571 1.00 
chair 26 141 201 315 0.99 
chair 320 308 591 602 0.99 
chair 511 109 687 272 0.99 
table 488 173 806 433 0.98 
table 475 127 798 287 0.97 
chair 364 474 674 605 0.96 
chair 373 180 580 335 0.74 
