chair 383 21 522 151 1.00 
chair 739 46 814 201 1.00 
chair 94 294 464 597 0.99 
chair 199 168 450 374 0.98 
table 231 204 808 611 0.98 
chair 531 66 690 150 0.97 
chair 334 60 534 276 0.97 
table 422 79 810 261 0.96 
chair 104 419 672 619 0.82 
chair 372 85 620 260 0.55 
chair 379 16 520 153 1.00 
chair 100 292 475 595 1.00 
chair 537 67 701 152 0.99 
chair 330 74 530 269 0.98 
table 215 200 798 608 0.94 
chair 202 167 442 368 0.94 
chair 741 44 813 204 0.84 
table 433 74 813 264 0.80 
chair 383 21 522 151 1.00 
chair 739 46 814 201 1.00 
chair 94 294 464 597 0.99 
chair 199 168 450 374 0.98 
table 231 204 808 611 0.98 
chair 531 66 690 150 0.97 
chair 334 60 534 276 0.97 
table 422 79 810 261 0.96 
chair 104 419 672 619 0.82 
chair 372 85 620 260 0.55 
