chair 0 265 272 597 1.00 
chair 530 77 681 221 1.00 
chair 479 144 668 331 1.00 
table 137 153 746 593 0.99 
chair 255 133 406 232 0.99 
chair 393 311 702 603 0.98 
table 648 72 818 242 0.98 
table 0 108 182 192 0.89 
chair 299 82 384 129 0.57 
chair 269 148 517 302 0.51 
chair 0 265 272 597 1.00 
chair 530 77 681 221 1.00 
chair 479 144 668 331 1.00 
table 137 153 746 593 0.99 
chair 255 133 406 232 0.99 
chair 393 311 702 603 0.98 
table 648 72 818 242 0.98 
table 0 108 182 192 0.89 
chair 299 82 384 129 0.57 
chair 269 148 517 302 0.51 
