chair 270 131 357 223 1.00 
chair 359 134 454 268 1.00 
chair 114 126 209 175 1.00 
chair 195 110 281 219 1.00 
chair 54 170 232 356 1.00 
chair 0 127 103 273 1.00 
chair 0 355 180 607 0.99 
chair 226 208 392 407 0.98 
table 1 187 417 364 0.92 
table 3 264 238 443 0.86 
table 22 208 265 401 0.85 
chair 268 122 359 222 1.00 
chair 197 101 281 215 1.00 
chair 361 130 451 273 1.00 
chair 0 353 169 607 1.00 
chair 0 122 105 278 0.95 
chair 64 177 225 349 0.93 
chair 224 213 380 397 0.92 
chair 108 130 210 185 0.86 
table 13 194 399 365 0.84 
table 12 223 260 414 0.77 
chair 94 125 210 223 0.57 
chair 270 131 357 223 1.00 
chair 359 134 454 268 1.00 
chair 114 126 209 175 1.00 
chair 195 110 281 219 1.00 
chair 54 170 232 356 1.00 
chair 0 127 103 273 1.00 
chair 0 355 180 607 0.99 
chair 226 208 392 407 0.98 
table 1 187 417 364 0.92 
table 3 264 238 443 0.86 
table 22 208 265 401 0.85 
