chair 370 136 528 319 1.00 
chair 545 234 747 440 1.00 
chair 405 389 821 614 1.00 
chair 719 215 812 350 1.00 
chair 474 112 622 271 0.99 
table 23 171 719 613 0.99 
chair 232 189 452 427 0.99 
chair 2 317 265 460 0.98 
chair 626 154 793 263 0.98 
chair 511 294 800 587 0.86 
chair 370 136 528 319 1.00 
chair 545 234 747 440 1.00 
chair 405 389 821 614 1.00 
chair 719 215 812 350 1.00 
chair 474 112 622 271 0.99 
table 23 171 719 613 0.99 
chair 232 189 452 427 0.99 
chair 2 317 265 460 0.98 
chair 626 154 793 263 0.98 
chair 511 294 800 587 0.86 
