chair 486 197 661 339 1.00 
chair 285 164 410 256 1.00 
chair 496 276 744 555 1.00 
chair 269 165 424 312 1.00 
chair 658 77 797 201 1.00 
chair 303 131 406 219 1.00 
chair 578 151 725 262 1.00 
chair 517 133 650 224 0.99 
table 609 105 826 321 0.97 
chair 548 139 689 238 0.84 
chair 486 197 661 339 1.00 
chair 285 164 410 256 1.00 
chair 496 276 744 555 1.00 
chair 269 165 424 312 1.00 
chair 658 77 797 201 1.00 
chair 303 131 406 219 1.00 
chair 578 151 725 262 1.00 
chair 517 133 650 224 0.99 
table 609 105 826 321 0.97 
chair 548 139 689 238 0.84 
