chair 5 205 238 345 0.99 
chair 596 136 778 336 0.99 
desk 369 195 632 513 0.98 
chair 757 84 814 226 0.98 
chair 170 407 567 613 0.97 
chair 45 185 156 308 0.96 
chair 19 167 106 277 0.95 
desk 34 533 294 607 0.93 
desk 690 282 813 578 0.89 
chair 194 341 444 587 0.89 
desk 237 166 364 330 0.86 
desk 3 269 220 594 0.77 
chair 186 247 337 635 0.73 
chair 5 205 238 345 0.99 
chair 596 136 778 336 0.99 
desk 369 195 632 513 0.98 
chair 757 84 814 226 0.98 
chair 170 407 567 613 0.97 
chair 45 185 156 308 0.96 
chair 19 167 106 277 0.95 
desk 34 533 294 607 0.93 
desk 690 282 813 578 0.89 
chair 194 341 444 587 0.89 
desk 237 166 364 330 0.86 
desk 3 269 220 594 0.77 
chair 186 247 337 635 0.73 
