chair 329 254 446 360 1.00 
chair 0 355 288 603 1.00 
chair 598 257 730 329 1.00 
chair 449 301 599 439 1.00 
chair 498 229 616 364 1.00 
chair 748 268 814 352 1.00 
chair 250 356 605 607 0.98 
table 556 330 806 462 0.97 
chair 210 494 530 609 0.95 
table 390 381 818 606 0.90 
chair 613 249 784 465 0.87 
chair 488 309 697 451 0.51 
chair 329 254 446 360 1.00 
chair 0 355 288 603 1.00 
chair 598 257 730 329 1.00 
chair 449 301 599 439 1.00 
chair 498 229 616 364 1.00 
chair 748 268 814 352 1.00 
chair 250 356 605 607 0.98 
table 556 330 806 462 0.97 
chair 210 494 530 609 0.95 
table 390 381 818 606 0.90 
chair 613 249 784 465 0.87 
chair 488 309 697 451 0.51 
