chair 421 178 537 295 1.00 
chair 348 167 455 299 1.00 
chair 147 143 290 261 1.00 
chair 564 137 759 449 1.00 
chair 206 154 347 281 0.99 
chair 473 232 699 463 0.98 
chair 166 160 417 448 0.93 
desk 115 429 791 604 0.92 
chair 230 161 378 342 0.87 
chair 421 178 537 295 1.00 
chair 348 167 455 299 1.00 
chair 147 143 290 261 1.00 
chair 564 137 759 449 1.00 
chair 206 154 347 281 0.99 
chair 473 232 699 463 0.98 
chair 166 160 417 448 0.93 
desk 115 429 791 604 0.92 
chair 230 161 378 342 0.87 
