chair 1 450 301 607 1.00 
chair 417 191 557 265 1.00 
chair 290 156 419 260 1.00 
chair 607 226 810 402 1.00 
chair 543 296 812 600 1.00 
chair 680 148 813 277 0.99 
chair 77 307 366 561 0.99 
chair 346 196 530 417 0.99 
table 127 138 786 606 0.99 
chair 509 123 657 266 0.97 
chair 433 149 572 276 0.95 
chair 304 156 416 263 0.99 
chair 556 272 814 589 0.99 
chair 360 201 532 414 0.98 
table 173 173 775 615 0.97 
chair 508 120 645 254 0.97 
chair 4 454 289 606 0.97 
chair 677 149 814 285 0.96 
chair 420 188 549 269 0.96 
chair 608 220 812 404 0.94 
chair 65 306 345 566 0.92 
chair 455 145 603 269 0.86 
chair 82 337 514 591 0.56 
chair 656 184 813 348 0.51 
chair 1 450 301 607 1.00 
chair 417 191 557 265 1.00 
chair 290 156 419 260 1.00 
chair 607 226 810 402 1.00 
chair 543 296 812 600 1.00 
chair 680 148 813 277 0.99 
chair 77 307 366 561 0.99 
chair 346 196 530 417 0.99 
table 127 138 786 606 0.99 
chair 509 123 657 266 0.97 
chair 433 149 572 276 0.95 
