chair 207 154 405 346 1.00 
chair 327 95 498 186 1.00 
chair 664 16 810 175 1.00 
chair 29 249 345 592 1.00 
chair 327 378 746 605 1.00 
chair 535 7 688 118 1.00 
table 521 76 808 251 0.99 
table 325 147 770 515 0.97 
table 470 303 813 616 0.95 
chair 488 23 650 130 0.90 
chair 207 154 405 346 1.00 
chair 327 95 498 186 1.00 
chair 664 16 810 175 1.00 
chair 29 249 345 592 1.00 
chair 327 378 746 605 1.00 
chair 535 7 688 118 1.00 
table 521 76 808 251 0.99 
table 325 147 770 515 0.97 
table 470 303 813 616 0.95 
chair 488 23 650 130 0.90 
