chair 728 168 815 292 1.00 
chair 230 297 490 605 1.00 
chair 207 283 389 471 1.00 
chair 208 185 367 292 1.00 
chair 528 108 647 171 1.00 
chair 566 405 815 606 0.97 
chair 640 123 783 210 0.96 
chair 230 188 397 344 0.96 
desk 403 251 721 577 0.95 
desk 2 244 79 496 0.55 
chair 728 168 815 292 1.00 
chair 230 297 490 605 1.00 
chair 207 283 389 471 1.00 
chair 208 185 367 292 1.00 
chair 528 108 647 171 1.00 
chair 566 405 815 606 0.97 
chair 640 123 783 210 0.96 
chair 230 188 397 344 0.96 
desk 403 251 721 577 0.95 
desk 2 244 79 496 0.55 
