chair 118 191 241 331 1.00 
chair 532 143 604 219 1.00 
chair 438 147 543 284 1.00 
chair 18 265 288 573 1.00 
chair 259 213 443 388 1.00 
chair 561 150 677 257 1.00 
chair 434 206 627 338 1.00 
table 35 180 501 371 0.99 
chair 0 264 113 447 0.98 
table 73 194 330 346 0.60 
chair 118 191 241 331 1.00 
chair 532 143 604 219 1.00 
chair 438 147 543 284 1.00 
chair 18 265 288 573 1.00 
chair 259 213 443 388 1.00 
chair 561 150 677 257 1.00 
chair 434 206 627 338 1.00 
table 35 180 501 371 0.99 
chair 0 264 113 447 0.98 
table 73 194 330 346 0.60 
