chair 347 205 428 248 1.00 
chair 426 196 527 322 1.00 
chair 419 274 590 476 1.00 
table 320 225 664 406 1.00 
chair 553 203 676 337 1.00 
table 599 356 816 607 0.93 
chair 437 230 560 406 0.86 
chair 611 518 815 606 0.86 
chair 660 300 815 522 0.85 
chair 347 205 428 248 1.00 
chair 426 196 527 322 1.00 
chair 419 274 590 476 1.00 
table 320 225 664 406 1.00 
chair 553 203 676 337 1.00 
table 599 356 816 607 0.93 
chair 437 230 560 406 0.86 
chair 611 518 815 606 0.86 
chair 660 300 815 522 0.85 
