chair 270 405 520 549 1.00 
chair 162 249 308 401 1.00 
chair 586 245 734 447 1.00 
chair 576 194 644 271 1.00 
chair 652 358 812 487 1.00 
table 37 212 317 398 0.99 
chair 0 514 218 607 0.98 
table 587 204 810 422 0.95 
table 167 440 814 611 0.93 
chair 618 291 782 475 0.53 
chair 270 405 520 549 1.00 
chair 162 249 308 401 1.00 
chair 586 245 734 447 1.00 
chair 576 194 644 271 1.00 
chair 652 358 812 487 1.00 
table 37 212 317 398 0.99 
chair 0 514 218 607 0.98 
table 587 204 810 422 0.95 
table 167 440 814 611 0.93 
chair 618 291 782 475 0.53 
