chair 377 337 452 470 1.00 
chair 55 476 311 609 1.00 
chair 540 324 644 433 1.00 
chair 66 391 147 541 0.99 
chair 51 342 122 459 0.99 
table 208 331 433 506 0.96 
table 676 313 819 419 0.96 
table 68 359 255 531 0.94 
chair 62 366 131 492 0.88 
table 124 355 337 520 0.87 
chair 377 337 452 470 1.00 
chair 55 476 311 609 1.00 
chair 540 324 644 433 1.00 
chair 66 391 147 541 0.99 
chair 51 342 122 459 0.99 
table 208 331 433 506 0.96 
table 676 313 819 419 0.96 
table 68 359 255 531 0.94 
chair 62 366 131 492 0.88 
table 124 355 337 520 0.87 
