chair 624 27 774 107 1.00 
chair 526 113 795 388 1.00 
chair 651 76 815 295 1.00 
chair 151 60 257 226 1.00 
sofa 318 23 741 271 0.99 
chair 212 96 425 320 0.99 
sofa 263 11 508 185 0.98 
chair 401 127 628 435 0.97 
chair 455 335 822 607 0.96 
chair 757 66 814 201 0.83 
chair 209 159 490 593 0.80 
chair 732 309 814 603 0.51 
chair 624 27 774 107 1.00 
chair 526 113 795 388 1.00 
chair 651 76 815 295 1.00 
chair 151 60 257 226 1.00 
sofa 318 23 741 271 0.99 
chair 212 96 425 320 0.99 
sofa 263 11 508 185 0.98 
chair 401 127 628 435 0.97 
chair 455 335 822 607 0.96 
chair 757 66 814 201 0.83 
chair 209 159 490 593 0.80 
chair 732 309 814 603 0.51 
