chair 332 192 605 416 1.00 
chair 460 2 599 95 1.00 
chair 517 2 666 131 1.00 
chair 423 1 511 63 1.00 
chair 706 1 813 102 0.99 
chair 327 3 518 163 0.97 
chair 706 62 813 200 0.97 
chair 255 3 432 160 0.97 
chair 602 1 769 180 0.96 
chair 563 30 818 283 0.94 
chair 368 5 631 162 0.90 
chair 222 23 516 287 0.70 
chair 313 35 627 243 0.63 
chair 450 0 761 195 0.60 
chair 436 1 543 85 0.55 
chair 332 192 605 416 1.00 
chair 460 2 599 95 1.00 
chair 517 2 666 131 1.00 
chair 423 1 511 63 1.00 
chair 706 1 813 102 0.99 
chair 327 3 518 163 0.97 
chair 706 62 813 200 0.97 
chair 255 3 432 160 0.97 
chair 602 1 769 180 0.96 
chair 563 30 818 283 0.94 
chair 368 5 631 162 0.90 
chair 222 23 516 287 0.70 
chair 313 35 627 243 0.63 
chair 450 0 761 195 0.60 
chair 436 1 543 85 0.55 
