chair 389 346 512 472 1.00 
chair 147 435 344 606 1.00 
chair 320 343 397 395 1.00 
chair 509 371 663 560 1.00 
chair 141 357 269 524 0.99 
table 372 378 676 589 0.98 
table 228 386 528 596 0.98 
table 119 335 296 442 0.93 
table 55 336 253 468 0.91 
table 2 352 165 488 0.74 
chair 389 346 512 472 1.00 
chair 147 435 344 606 1.00 
chair 320 343 397 395 1.00 
chair 509 371 663 560 1.00 
chair 141 357 269 524 0.99 
table 372 378 676 589 0.98 
table 228 386 528 596 0.98 
table 119 335 296 442 0.93 
table 55 336 253 468 0.91 
table 2 352 165 488 0.74 
