sofa 322 26 659 156 1.00 
chair 15 240 414 611 0.99 
chair 361 356 810 606 0.99 
chair 381 124 700 434 0.99 
desk 186 173 816 597 0.98 
table 584 137 797 242 0.97 
chair 200 150 499 580 0.95 
table 267 110 354 144 0.93 
chair 692 228 811 578 0.91 
chair 386 218 716 539 0.54 
sofa 322 26 659 156 1.00 
chair 15 240 414 611 0.99 
chair 361 356 810 606 0.99 
chair 381 124 700 434 0.99 
desk 186 173 816 597 0.98 
table 584 137 797 242 0.97 
chair 200 150 499 580 0.95 
table 267 110 354 144 0.93 
chair 692 228 811 578 0.91 
chair 386 218 716 539 0.54 
