chair 424 185 513 290 1.00 
chair 439 247 587 471 1.00 
chair 560 202 663 315 1.00 
chair 336 214 446 318 1.00 
chair 208 379 522 600 1.00 
chair 556 257 708 480 0.99 
table 408 233 753 426 0.99 
chair 633 227 775 290 0.98 
chair 2 375 175 503 0.97 
sofa 0 435 235 609 0.90 
desk 3 329 172 462 0.74 
chair 281 217 364 369 0.54 
chair 424 185 513 290 1.00 
chair 439 247 587 471 1.00 
chair 560 202 663 315 1.00 
chair 336 214 446 318 1.00 
chair 208 379 522 600 1.00 
chair 556 257 708 480 0.99 
table 408 233 753 426 0.99 
chair 633 227 775 290 0.98 
chair 2 375 175 503 0.97 
sofa 0 435 235 609 0.90 
desk 3 329 172 462 0.74 
chair 281 217 364 369 0.54 
