sofa 511 235 814 609 1.00 
chair 636 146 727 244 1.00 
chair 673 166 809 254 1.00 
chair 563 161 680 308 0.99 
table 459 150 779 316 0.98 
chair 494 148 571 300 0.98 
chair 555 132 650 255 0.97 
chair 439 147 512 286 0.96 
chair 512 146 611 278 0.66 
sofa 511 235 814 609 1.00 
chair 636 146 727 244 1.00 
chair 673 166 809 254 1.00 
chair 563 161 680 308 0.99 
table 459 150 779 316 0.98 
chair 494 148 571 300 0.98 
chair 555 132 650 255 0.97 
chair 439 147 512 286 0.96 
chair 512 146 611 278 0.66 
