chair 54 256 290 524 1.00 
chair 19 247 198 474 0.99 
chair 521 146 658 268 0.99 
chair 650 106 766 215 0.99 
chair 625 139 794 318 0.99 
chair 461 172 552 345 0.99 
chair 270 218 416 411 0.99 
chair 0 240 73 409 0.99 
chair 326 203 517 445 0.99 
chair 344 176 468 300 0.99 
chair 231 211 326 369 0.98 
chair 154 213 288 334 0.98 
chair 749 117 814 251 0.98 
chair 487 308 813 605 0.97 
chair 311 178 422 292 0.97 
chair 490 174 647 361 0.96 
chair 0 241 131 441 0.83 
chair 133 201 232 325 0.65 
chair 387 177 511 309 0.61 
chair 54 256 290 524 1.00 
chair 19 247 198 474 0.99 
chair 521 146 658 268 0.99 
chair 650 106 766 215 0.99 
chair 625 139 794 318 0.99 
chair 461 172 552 345 0.99 
chair 270 218 416 411 0.99 
chair 0 240 73 409 0.99 
chair 326 203 517 445 0.99 
chair 344 176 468 300 0.99 
chair 231 211 326 369 0.98 
chair 154 213 288 334 0.98 
chair 749 117 814 251 0.98 
chair 487 308 813 605 0.97 
chair 311 178 422 292 0.97 
chair 490 174 647 361 0.96 
chair 0 241 131 441 0.83 
chair 133 201 232 325 0.65 
chair 387 177 511 309 0.61 
