chair 0 215 160 377 1.00 
chair 178 201 376 389 1.00 
chair 525 210 617 372 1.00 
chair 132 320 289 506 1.00 
chair 274 144 361 275 1.00 
chair 522 150 603 277 0.99 
chair 521 91 583 199 0.98 
chair 509 535 660 607 0.98 
chair 106 170 180 271 0.96 
chair 515 346 646 558 0.95 
chair 304 109 371 200 0.89 
chair 20 142 73 187 0.88 
chair 81 487 217 608 0.86 
chair 0 328 63 496 0.81 
chair 155 264 328 462 0.78 
chair 1 179 44 239 0.69 
chair 0 215 160 377 1.00 
chair 178 201 376 389 1.00 
chair 525 210 617 372 1.00 
chair 132 320 289 506 1.00 
chair 274 144 361 275 1.00 
chair 522 150 603 277 0.99 
chair 521 91 583 199 0.98 
chair 509 535 660 607 0.98 
chair 106 170 180 271 0.96 
chair 515 346 646 558 0.95 
chair 304 109 371 200 0.89 
chair 20 142 73 187 0.88 
chair 81 487 217 608 0.86 
chair 0 328 63 496 0.81 
chair 155 264 328 462 0.78 
chair 1 179 44 239 0.69 
