chair 564 69 703 207 1.00 
chair 448 98 581 228 1.00 
chair 323 195 513 399 1.00 
chair 655 169 795 347 1.00 
chair 509 190 672 367 1.00 
chair 309 114 443 219 1.00 
chair 615 18 700 106 1.00 
chair 288 26 408 134 0.99 
chair 687 73 809 178 0.99 
chair 692 14 805 90 0.98 
chair 414 20 520 121 0.98 
chair 524 27 602 110 0.96 
chair 564 69 703 207 1.00 
chair 448 98 581 228 1.00 
chair 323 195 513 399 1.00 
chair 655 169 795 347 1.00 
chair 509 190 672 367 1.00 
chair 309 114 443 219 1.00 
chair 615 18 700 106 1.00 
chair 288 26 408 134 0.99 
chair 687 73 809 178 0.99 
chair 692 14 805 90 0.98 
chair 414 20 520 121 0.98 
chair 524 27 602 110 0.96 
