chair 145 112 266 259 1.00 
chair 58 137 227 356 1.00 
chair 481 81 583 210 0.99 
chair 23 114 141 193 0.99 
chair 564 181 815 549 0.98 
chair 0 186 150 543 0.98 
chair 526 121 715 384 0.97 
chair 682 89 815 316 0.95 
chair 576 47 687 181 0.93 
chair 726 65 815 223 0.93 
chair 628 94 737 176 0.91 
chair 495 103 621 258 0.89 
chair 0 119 78 310 0.82 
chair 670 44 803 174 0.81 
chair 108 121 244 307 0.78 
chair 758 42 813 183 0.70 
chair 26 167 196 433 0.52 
chair 145 112 266 259 1.00 
chair 58 137 227 356 1.00 
chair 481 81 583 210 0.99 
chair 23 114 141 193 0.99 
chair 564 181 815 549 0.98 
chair 0 186 150 543 0.98 
chair 526 121 715 384 0.97 
chair 682 89 815 316 0.95 
chair 576 47 687 181 0.93 
chair 726 65 815 223 0.93 
chair 628 94 737 176 0.91 
chair 495 103 621 258 0.89 
chair 0 119 78 310 0.82 
chair 670 44 803 174 0.81 
chair 108 121 244 307 0.78 
chair 758 42 813 183 0.70 
chair 26 167 196 433 0.52 
