chair 449 277 554 428 1.00 
chair 177 307 374 543 1.00 
chair 0 359 163 591 1.00 
chair 1 188 97 324 0.99 
chair 63 219 213 380 0.99 
chair 165 217 290 350 0.99 
chair 281 298 437 494 0.99 
chair 44 336 334 589 0.99 
chair 370 286 491 455 0.98 
chair 302 243 426 367 0.98 
chair 210 246 377 397 0.97 
chair 1 266 200 490 0.97 
chair 106 261 286 428 0.96 
chair 511 264 607 388 0.90 
chair 4 222 133 398 0.80 
chair 449 277 554 428 1.00 
chair 177 307 374 543 1.00 
chair 0 359 163 591 1.00 
chair 1 188 97 324 0.99 
chair 63 219 213 380 0.99 
chair 165 217 290 350 0.99 
chair 281 298 437 494 0.99 
chair 44 336 334 589 0.99 
chair 370 286 491 455 0.98 
chair 302 243 426 367 0.98 
chair 210 246 377 397 0.97 
chair 1 266 200 490 0.97 
chair 106 261 286 428 0.96 
chair 511 264 607 388 0.90 
chair 4 222 133 398 0.80 
