chair 499 359 627 468 1.00 
chair 532 321 602 361 1.00 
chair 684 315 774 399 1.00 
chair 709 351 814 466 0.99 
chair 387 354 507 472 0.99 
chair 277 365 389 475 0.99 
chair 489 409 660 601 0.99 
chair 612 358 745 469 0.99 
chair 594 317 685 408 0.99 
chair 276 340 376 437 0.99 
chair 367 321 449 412 0.98 
chair 359 415 509 608 0.98 
chair 200 423 361 611 0.96 
chair 446 318 528 406 0.94 
chair 631 411 814 609 0.93 
chair 742 307 815 411 0.89 
chair 373 325 447 369 0.86 
chair 380 331 479 446 0.82 
desk 278 426 474 605 0.58 
chair 756 407 815 607 0.57 
chair 401 415 583 597 0.53 
chair 499 359 627 468 1.00 
chair 532 321 602 361 1.00 
chair 684 315 774 399 1.00 
chair 709 351 814 466 0.99 
chair 387 354 507 472 0.99 
chair 277 365 389 475 0.99 
chair 489 409 660 601 0.99 
chair 612 358 745 469 0.99 
chair 594 317 685 408 0.99 
chair 276 340 376 437 0.99 
chair 367 321 449 412 0.98 
chair 359 415 509 608 0.98 
chair 200 423 361 611 0.96 
chair 446 318 528 406 0.94 
chair 631 411 814 609 0.93 
chair 742 307 815 411 0.89 
chair 373 325 447 369 0.86 
chair 380 331 479 446 0.82 
desk 278 426 474 605 0.58 
chair 756 407 815 607 0.57 
chair 401 415 583 597 0.53 
