chair 382 155 581 357 1.00 
chair 162 1 283 97 1.00 
chair 601 342 813 604 0.99 
chair 440 20 586 194 0.98 
chair 0 353 219 607 0.96 
chair 382 69 545 235 0.95 
chair 76 130 265 333 0.95 
chair 439 4 547 140 0.94 
table 508 36 769 319 0.93 
chair 438 75 605 262 0.93 
table 229 7 347 164 0.87 
chair 689 29 810 180 0.85 
chair 656 5 760 100 0.84 
chair 143 18 295 141 0.84 
table 482 5 613 129 0.82 
table 677 0 807 91 0.75 
chair 52 163 326 569 0.72 
table 562 71 798 444 0.71 
chair 693 61 811 312 0.58 
chair 73 191 319 378 0.55 
chair 145 37 341 184 0.51 
chair 382 155 581 357 1.00 
chair 162 1 283 97 1.00 
chair 601 342 813 604 0.99 
chair 440 20 586 194 0.98 
chair 0 353 219 607 0.96 
chair 382 69 545 235 0.95 
chair 76 130 265 333 0.95 
chair 439 4 547 140 0.94 
table 508 36 769 319 0.93 
chair 438 75 605 262 0.93 
table 229 7 347 164 0.87 
chair 689 29 810 180 0.85 
chair 656 5 760 100 0.84 
chair 143 18 295 141 0.84 
table 482 5 613 129 0.82 
table 677 0 807 91 0.75 
chair 52 163 326 569 0.72 
table 562 71 798 444 0.71 
chair 693 61 811 312 0.58 
chair 73 191 319 378 0.55 
chair 145 37 341 184 0.51 
