chair 316 156 575 395 1.00 
chair 228 102 437 266 0.99 
chair 280 5 406 116 0.98 
chair 485 19 638 132 0.98 
chair 543 226 813 491 0.98 
chair 28 9 211 206 0.97 
chair 595 58 791 230 0.95 
table 476 10 810 224 0.94 
chair 367 4 501 98 0.93 
table 132 353 699 612 0.93 
table 0 152 341 614 0.87 
table 38 1 359 188 0.85 
table 239 72 637 411 0.83 
chair 96 38 256 178 0.80 
chair 747 371 813 559 0.75 
table 33 289 511 609 0.55 
chair 226 119 509 351 0.52 
chair 316 156 575 395 1.00 
chair 228 102 437 266 0.99 
chair 280 5 406 116 0.98 
chair 485 19 638 132 0.98 
chair 543 226 813 491 0.98 
chair 28 9 211 206 0.97 
chair 595 58 791 230 0.95 
table 476 10 810 224 0.94 
chair 367 4 501 98 0.93 
table 132 353 699 612 0.93 
table 0 152 341 614 0.87 
table 38 1 359 188 0.85 
table 239 72 637 411 0.83 
chair 96 38 256 178 0.80 
chair 747 371 813 559 0.75 
table 33 289 511 609 0.55 
chair 226 119 509 351 0.52 
