chair 433 3 545 120 1.00 
chair 366 53 583 302 0.99 
chair 662 0 748 117 0.99 
chair 474 207 711 428 0.99 
table 498 49 817 573 0.98 
chair 423 255 724 553 0.98 
table 479 1 608 165 0.96 
chair 704 13 813 189 0.94 
chair 679 5 786 135 0.81 
chair 430 23 574 176 0.81 
chair 412 93 667 343 0.70 
chair 732 43 815 247 0.54 
chair 433 3 545 120 1.00 
chair 366 53 583 302 0.99 
chair 662 0 748 117 0.99 
chair 474 207 711 428 0.99 
table 498 49 817 573 0.98 
chair 423 255 724 553 0.98 
table 479 1 608 165 0.96 
chair 704 13 813 189 0.94 
chair 679 5 786 135 0.81 
chair 430 23 574 176 0.81 
chair 412 93 667 343 0.70 
chair 732 43 815 247 0.54 
