chair 533 374 658 498 1.00 
chair 87 446 254 565 1.00 
chair 150 386 260 448 1.00 
chair 674 362 776 462 1.00 
chair 467 338 561 429 0.99 
chair 157 319 276 401 0.99 
chair 1 401 107 479 0.99 
chair 572 323 663 382 0.99 
chair 0 477 82 576 0.99 
chair 44 359 138 406 0.98 
chair 525 288 599 333 0.96 
chair 454 289 533 353 0.94 
chair 765 315 816 419 0.87 
chair 645 440 818 610 0.87 
chair 154 348 269 425 0.77 
chair 533 374 658 498 1.00 
chair 87 446 254 565 1.00 
chair 150 386 260 448 1.00 
chair 674 362 776 462 1.00 
chair 467 338 561 429 0.99 
chair 157 319 276 401 0.99 
chair 1 401 107 479 0.99 
chair 572 323 663 382 0.99 
chair 0 477 82 576 0.99 
chair 44 359 138 406 0.98 
chair 525 288 599 333 0.96 
chair 454 289 533 353 0.94 
chair 765 315 816 419 0.87 
chair 645 440 818 610 0.87 
chair 154 348 269 425 0.77 
