chair 745 186 814 300 1.00 
chair 381 212 502 359 0.99 
chair 494 189 648 313 0.99 
chair 545 259 818 604 0.99 
chair 558 204 743 346 0.98 
chair 669 191 799 317 0.96 
chair 693 241 814 437 0.93 
chair 455 226 595 398 0.91 
chair 679 217 817 360 0.89 
chair 435 203 588 330 0.72 
chair 665 270 818 535 0.64 
chair 745 186 814 300 1.00 
chair 381 212 502 359 0.99 
chair 494 189 648 313 0.99 
chair 545 259 818 604 0.99 
chair 558 204 743 346 0.98 
chair 669 191 799 317 0.96 
chair 693 241 814 437 0.93 
chair 455 226 595 398 0.91 
chair 679 217 817 360 0.89 
chair 435 203 588 330 0.72 
chair 665 270 818 535 0.64 
