chair 522 92 705 282 1.00 
chair 136 2 248 70 1.00 
chair 0 184 241 342 0.99 
chair 156 338 475 607 0.98 
chair 478 212 718 480 0.98 
chair 295 8 422 179 0.97 
chair 572 5 683 99 0.97 
chair 139 106 306 203 0.96 
chair 340 0 457 141 0.95 
table 590 224 818 619 0.93 
table 0 167 307 604 0.92 
chair 389 337 752 605 0.91 
table 347 13 493 212 0.88 
table 68 12 245 185 0.88 
table 602 58 805 273 0.83 
chair 558 34 686 165 0.80 
chair 0 39 148 211 0.78 
chair 96 4 218 89 0.76 
chair 224 34 382 178 0.76 
chair 172 77 370 206 0.74 
table 606 7 748 134 0.74 
table 155 56 455 271 0.60 
chair 537 39 717 224 0.54 
chair 441 290 683 544 0.51 
chair 522 92 705 282 1.00 
chair 136 2 248 70 1.00 
chair 0 184 241 342 0.99 
chair 156 338 475 607 0.98 
chair 478 212 718 480 0.98 
chair 295 8 422 179 0.97 
chair 572 5 683 99 0.97 
chair 139 106 306 203 0.96 
chair 340 0 457 141 0.95 
table 590 224 818 619 0.93 
table 0 167 307 604 0.92 
chair 389 337 752 605 0.91 
table 347 13 493 212 0.88 
table 68 12 245 185 0.88 
table 602 58 805 273 0.83 
chair 558 34 686 165 0.80 
chair 0 39 148 211 0.78 
chair 96 4 218 89 0.76 
chair 224 34 382 178 0.76 
chair 172 77 370 206 0.74 
table 606 7 748 134 0.74 
table 155 56 455 271 0.60 
chair 537 39 717 224 0.54 
chair 441 290 683 544 0.51 
