chair 478 340 583 474 1.00 
chair 352 390 578 605 1.00 
chair 75 319 171 408 1.00 
chair 292 353 408 574 1.00 
chair 202 321 327 450 0.99 
chair 16 369 324 603 0.99 
chair 434 358 587 569 0.99 
chair 0 335 72 546 0.98 
chair 361 336 439 404 0.96 
chair 49 334 240 573 0.91 
chair 478 340 583 474 1.00 
chair 352 390 578 605 1.00 
chair 75 319 171 408 1.00 
chair 292 353 408 574 1.00 
chair 202 321 327 450 0.99 
chair 16 369 324 603 0.99 
chair 434 358 587 569 0.99 
chair 0 335 72 546 0.98 
chair 361 336 439 404 0.96 
chair 49 334 240 573 0.91 
