chair 657 284 762 329 1.00 
chair 404 372 557 483 1.00 
chair 569 384 727 481 1.00 
chair 0 515 185 608 1.00 
chair 0 330 70 467 1.00 
chair 210 361 365 491 1.00 
chair 53 333 221 484 1.00 
chair 252 268 364 318 1.00 
chair 171 410 439 609 0.99 
chair 519 290 628 328 0.99 
chair 0 210 111 304 0.99 
chair 696 571 814 607 0.99 
chair 111 250 231 300 0.99 
chair 451 549 641 609 0.97 
chair 728 385 815 483 0.94 
chair 386 281 496 328 0.90 
chair 174 547 379 610 0.71 
chair 778 251 813 354 0.71 
chair 721 395 813 553 0.60 
chair 657 284 762 329 1.00 
chair 404 372 557 483 1.00 
chair 569 384 727 481 1.00 
chair 0 515 185 608 1.00 
chair 0 330 70 467 1.00 
chair 210 361 365 491 1.00 
chair 53 333 221 484 1.00 
chair 252 268 364 318 1.00 
chair 171 410 439 609 0.99 
chair 519 290 628 328 0.99 
chair 0 210 111 304 0.99 
chair 696 571 814 607 0.99 
chair 111 250 231 300 0.99 
chair 451 549 641 609 0.97 
chair 728 385 815 483 0.94 
chair 386 281 496 328 0.90 
chair 174 547 379 610 0.71 
chair 778 251 813 354 0.71 
chair 721 395 813 553 0.60 
