chair 0 131 237 427 1.00 
chair 263 33 493 308 1.00 
chair 92 47 325 199 1.00 
chair 453 29 574 161 0.99 
chair 651 10 804 143 0.99 
chair 95 132 435 555 0.99 
chair 555 105 826 447 0.99 
chair 0 416 291 609 0.98 
chair 520 157 809 608 0.77 
chair 179 12 360 165 0.57 
chair 0 131 237 427 1.00 
chair 263 33 493 308 1.00 
chair 92 47 325 199 1.00 
chair 453 29 574 161 0.99 
chair 651 10 804 143 0.99 
chair 95 132 435 555 0.99 
chair 555 105 826 447 0.99 
chair 0 416 291 609 0.98 
chair 520 157 809 608 0.77 
chair 179 12 360 165 0.57 
