chair 581 66 638 141 1.00 
chair 0 370 109 470 0.99 
chair 522 88 615 203 0.99 
chair 614 31 665 95 0.99 
chair 432 114 487 176 0.99 
chair 250 202 311 252 0.99 
chair 554 203 808 450 0.98 
chair 122 211 197 260 0.97 
chair 452 66 524 165 0.95 
chair 311 158 359 199 0.95 
chair 351 150 487 266 0.94 
chair 128 334 299 506 0.94 
chair 412 541 584 606 0.93 
chair 158 400 342 584 0.93 
chair 469 376 667 607 0.92 
chair 647 3 676 51 0.92 
chair 326 283 470 441 0.81 
chair 5 533 176 606 0.60 
chair 581 66 638 141 1.00 
chair 0 370 109 470 0.99 
chair 522 88 615 203 0.99 
chair 614 31 665 95 0.99 
chair 432 114 487 176 0.99 
chair 250 202 311 252 0.99 
chair 554 203 808 450 0.98 
chair 122 211 197 260 0.97 
chair 452 66 524 165 0.95 
chair 311 158 359 199 0.95 
chair 351 150 487 266 0.94 
chair 128 334 299 506 0.94 
chair 412 541 584 606 0.93 
chair 158 400 342 584 0.93 
chair 469 376 667 607 0.92 
chair 647 3 676 51 0.92 
chair 326 283 470 441 0.81 
chair 5 533 176 606 0.60 
