chair 664 336 748 495 1.00 
chair 207 42 286 134 1.00 
chair 193 349 508 608 1.00 
chair 658 526 808 607 1.00 
chair 418 230 514 371 1.00 
chair 28 64 145 195 1.00 
chair 405 86 459 165 0.99 
chair 351 97 419 205 0.99 
chair 127 51 215 170 0.99 
chair 615 396 815 610 0.98 
chair 660 206 787 343 0.98 
chair 204 134 309 306 0.97 
chair 690 176 781 269 0.97 
chair 289 114 366 245 0.96 
chair 1 228 147 501 0.96 
chair 470 191 545 305 0.96 
chair 2 2 86 77 0.95 
chair 503 162 575 269 0.94 
chair 75 171 236 388 0.94 
chair 0 94 56 228 0.92 
chair 514 146 595 247 0.87 
chair 527 130 609 218 0.86 
chair 346 298 538 485 0.86 
chair 674 281 749 420 0.77 
chair 666 164 762 251 0.61 
chair 660 238 758 384 0.60 
chair 38 191 195 458 0.59 
chair 96 5 151 64 0.54 
chair 664 336 748 495 1.00 
chair 207 42 286 134 1.00 
chair 193 349 508 608 1.00 
chair 658 526 808 607 1.00 
chair 418 230 514 371 1.00 
chair 28 64 145 195 1.00 
chair 405 86 459 165 0.99 
chair 351 97 419 205 0.99 
chair 127 51 215 170 0.99 
chair 615 396 815 610 0.98 
chair 660 206 787 343 0.98 
chair 204 134 309 306 0.97 
chair 690 176 781 269 0.97 
chair 289 114 366 245 0.96 
chair 1 228 147 501 0.96 
chair 470 191 545 305 0.96 
chair 2 2 86 77 0.95 
chair 503 162 575 269 0.94 
chair 75 171 236 388 0.94 
chair 0 94 56 228 0.92 
chair 514 146 595 247 0.87 
chair 527 130 609 218 0.86 
chair 346 298 538 485 0.86 
chair 674 281 749 420 0.77 
chair 666 164 762 251 0.61 
chair 660 238 758 384 0.60 
chair 38 191 195 458 0.59 
chair 96 5 151 64 0.54 
