chair 620 26 733 172 1.00 
chair 412 43 510 104 1.00 
chair 492 78 623 207 0.99 
chair 360 193 559 488 0.99 
chair 0 317 94 505 0.98 
chair 650 5 744 124 0.97 
chair 205 100 356 230 0.97 
chair 452 109 618 316 0.96 
chair 8 122 150 220 0.95 
chair 290 76 402 159 0.95 
chair 164 162 295 273 0.92 
chair 536 27 654 152 0.92 
chair 116 73 241 153 0.91 
chair 325 58 433 141 0.85 
table 131 227 512 606 0.83 
chair 6 235 188 464 0.74 
table 492 25 606 138 0.70 
table 72 111 308 282 0.69 
chair 221 538 434 606 0.67 
table 242 71 369 160 0.63 
chair 255 286 531 555 0.63 
chair 26 130 202 272 0.62 
chair 554 6 621 62 0.56 
chair 411 164 595 398 0.54 
chair 2 453 338 606 0.54 
chair 620 26 733 172 1.00 
chair 412 43 510 104 1.00 
chair 492 78 623 207 0.99 
chair 360 193 559 488 0.99 
chair 0 317 94 505 0.98 
chair 650 5 744 124 0.97 
chair 205 100 356 230 0.97 
chair 452 109 618 316 0.96 
chair 8 122 150 220 0.95 
chair 290 76 402 159 0.95 
chair 164 162 295 273 0.92 
chair 536 27 654 152 0.92 
chair 116 73 241 153 0.91 
chair 325 58 433 141 0.85 
table 131 227 512 606 0.83 
chair 6 235 188 464 0.74 
table 492 25 606 138 0.70 
table 72 111 308 282 0.69 
chair 221 538 434 606 0.67 
table 242 71 369 160 0.63 
chair 255 286 531 555 0.63 
chair 26 130 202 272 0.62 
chair 554 6 621 62 0.56 
chair 411 164 595 398 0.54 
chair 2 453 338 606 0.54 
