chair 478 346 640 603 1.00 
chair 41 353 335 565 1.00 
chair 434 312 539 400 1.00 
chair 574 329 689 438 1.00 
chair 639 441 816 610 1.00 
chair 272 337 467 533 1.00 
chair 277 389 519 605 0.99 
chair 655 341 811 565 0.99 
chair 166 503 447 608 0.98 
chair 716 326 815 481 0.98 
chair 0 391 131 590 0.69 
chair 478 346 640 603 1.00 
chair 41 353 335 565 1.00 
chair 434 312 539 400 1.00 
chair 574 329 689 438 1.00 
chair 639 441 816 610 1.00 
chair 272 337 467 533 1.00 
chair 277 389 519 605 0.99 
chair 655 341 811 565 0.99 
chair 166 503 447 608 0.98 
chair 716 326 815 481 0.98 
chair 0 391 131 590 0.69 
