chair 565 362 679 508 1.00 
chair 0 408 70 533 1.00 
chair 413 385 602 574 1.00 
chair 64 420 321 601 1.00 
chair 388 348 532 502 1.00 
chair 291 379 441 582 0.99 
chair 353 463 684 614 0.99 
chair 51 366 250 569 0.98 
chair 197 363 311 526 0.96 
chair 777 473 814 567 0.94 
chair 118 388 299 556 0.80 
chair 350 375 548 552 0.75 
chair 164 507 513 609 0.64 
chair 331 360 462 528 0.54 
chair 455 419 684 587 0.51 
chair 565 362 679 508 1.00 
chair 0 408 70 533 1.00 
chair 413 385 602 574 1.00 
chair 64 420 321 601 1.00 
chair 388 348 532 502 1.00 
chair 291 379 441 582 0.99 
chair 353 463 684 614 0.99 
chair 51 366 250 569 0.98 
chair 197 363 311 526 0.96 
chair 777 473 814 567 0.94 
chair 118 388 299 556 0.80 
chair 350 375 548 552 0.75 
chair 164 507 513 609 0.64 
chair 331 360 462 528 0.54 
chair 455 419 684 587 0.51 
