chair 132 412 247 482 1.00 
chair 164 448 357 584 1.00 
chair 4 413 129 490 0.99 
chair 5 520 298 607 0.99 
chair 292 381 401 455 0.99 
chair 239 407 364 522 0.98 
chair 191 387 286 425 0.95 
chair 94 393 204 427 0.95 
chair 0 461 169 563 0.92 
chair 2 376 97 483 0.70 
chair 60 474 345 607 0.70 
chair 263 394 388 482 0.67 
chair 8 487 226 582 0.61 
chair 132 412 247 482 1.00 
chair 164 448 357 584 1.00 
chair 4 413 129 490 0.99 
chair 5 520 298 607 0.99 
chair 292 381 401 455 0.99 
chair 239 407 364 522 0.98 
chair 191 387 286 425 0.95 
chair 94 393 204 427 0.95 
chair 0 461 169 563 0.92 
chair 2 376 97 483 0.70 
chair 60 474 345 607 0.70 
chair 263 394 388 482 0.67 
chair 8 487 226 582 0.61 
