chair 451 304 580 442 1.00 
chair 1 396 196 607 1.00 
chair 447 358 650 500 1.00 
chair 262 306 370 386 1.00 
chair 112 341 328 579 1.00 
chair 662 310 771 450 1.00 
chair 415 429 706 606 0.99 
chair 674 344 813 530 0.99 
chair 29 298 200 430 0.98 
chair 0 334 153 440 0.59 
chair 38 334 251 542 0.55 
chair 451 304 580 442 1.00 
chair 1 396 196 607 1.00 
chair 447 358 650 500 1.00 
chair 262 306 370 386 1.00 
chair 112 341 328 579 1.00 
chair 662 310 771 450 1.00 
chair 415 429 706 606 0.99 
chair 674 344 813 530 0.99 
chair 29 298 200 430 0.98 
chair 0 334 153 440 0.59 
chair 38 334 251 542 0.55 
