chair 333 31 467 192 1.00 
chair 453 13 563 160 1.00 
chair 321 166 625 449 1.00 
chair 191 41 365 240 1.00 
chair 0 74 179 323 1.00 
chair 211 1 323 51 1.00 
chair 335 1 435 58 1.00 
chair 698 463 817 610 1.00 
chair 679 0 792 95 1.00 
chair 69 229 457 611 0.99 
chair 542 3 637 138 0.99 
chair 710 106 810 240 0.99 
chair 80 0 216 110 0.98 
chair 424 0 522 53 0.98 
chair 611 0 708 119 0.97 
chair 780 87 814 196 0.97 
chair 634 120 753 273 0.96 
chair 0 4 70 87 0.90 
chair 519 158 660 334 0.82 
chair 492 6 608 145 0.74 
chair 638 12 692 85 0.73 
chair 759 103 814 227 0.51 
chair 333 31 467 192 1.00 
chair 453 13 563 160 1.00 
chair 321 166 625 449 1.00 
chair 191 41 365 240 1.00 
chair 0 74 179 323 1.00 
chair 211 1 323 51 1.00 
chair 335 1 435 58 1.00 
chair 698 463 817 610 1.00 
chair 679 0 792 95 1.00 
chair 69 229 457 611 0.99 
chair 542 3 637 138 0.99 
chair 710 106 810 240 0.99 
chair 80 0 216 110 0.98 
chair 424 0 522 53 0.98 
chair 611 0 708 119 0.97 
chair 780 87 814 196 0.97 
chair 634 120 753 273 0.96 
chair 0 4 70 87 0.90 
chair 519 158 660 334 0.82 
chair 492 6 608 145 0.74 
chair 638 12 692 85 0.73 
chair 759 103 814 227 0.51 
