chair 296 105 478 333 1.00 
chair 469 105 651 310 1.00 
chair 491 304 727 585 1.00 
chair 333 3 483 125 1.00 
chair 29 1 189 152 1.00 
chair 64 106 279 337 1.00 
chair 694 300 815 545 0.99 
chair 0 351 185 611 0.99 
chair 196 3 335 176 0.98 
chair 166 259 446 604 0.97 
chair 0 128 87 324 0.92 
chair 296 105 478 333 1.00 
chair 469 105 651 310 1.00 
chair 491 304 727 585 1.00 
chair 333 3 483 125 1.00 
chair 29 1 189 152 1.00 
chair 64 106 279 337 1.00 
chair 694 300 815 545 0.99 
chair 0 351 185 611 0.99 
chair 196 3 335 176 0.98 
chair 166 259 446 604 0.97 
chair 0 128 87 324 0.92 
