chair 413 128 602 368 1.00 
chair 106 210 331 371 0.99 
chair 77 266 337 610 0.99 
chair 182 77 338 298 0.98 
chair 486 312 823 610 0.98 
table 466 159 827 501 0.97 
chair 149 139 325 348 0.72 
chair 86 266 341 597 1.00 
chair 412 123 590 365 0.99 
chair 185 76 337 297 0.99 
chair 103 202 327 373 0.99 
table 536 294 820 600 0.87 
table 482 178 818 509 0.86 
chair 413 128 602 368 1.00 
chair 106 210 331 371 0.99 
chair 77 266 337 610 0.99 
chair 182 77 338 298 0.98 
chair 486 312 823 610 0.98 
table 466 159 827 501 0.97 
chair 149 139 325 348 0.72 
