chair 414 153 521 304 1.00 
chair 2 243 172 370 1.00 
chair 369 370 768 602 1.00 
chair 172 178 344 349 1.00 
chair 497 228 751 499 1.00 
table 185 209 633 490 1.00 
chair 130 444 396 609 0.99 
table 0 289 480 600 0.99 
chair 461 169 627 247 0.96 
chair 143 198 292 332 0.88 
chair 414 153 521 304 1.00 
chair 2 243 172 370 1.00 
chair 369 370 768 602 1.00 
chair 172 178 344 349 1.00 
chair 497 228 751 499 1.00 
table 185 209 633 490 1.00 
chair 130 444 396 609 0.99 
table 0 289 480 600 0.99 
chair 461 169 627 247 0.96 
chair 143 198 292 332 0.88 
