chair 4 29 162 213 1.00 
chair 241 1 349 112 1.00 
chair 179 12 374 190 1.00 
chair 346 3 441 100 1.00 
chair 252 74 444 318 1.00 
chair 200 256 562 608 0.98 
chair 77 148 375 557 0.98 
table 2 224 200 515 0.97 
chair 94 16 284 182 0.96 
chair 265 0 411 113 0.96 
table 0 54 305 282 0.93 
table 40 0 241 64 0.91 
chair 4 29 162 213 1.00 
chair 241 1 349 112 1.00 
chair 179 12 374 190 1.00 
chair 346 3 441 100 1.00 
chair 252 74 444 318 1.00 
chair 200 256 562 608 0.98 
chair 77 148 375 557 0.98 
table 2 224 200 515 0.97 
chair 94 16 284 182 0.96 
chair 265 0 411 113 0.96 
table 0 54 305 282 0.93 
table 40 0 241 64 0.91 
