chair 456 423 773 609 1.00 
chair 381 176 538 421 1.00 
chair 492 128 632 206 0.99 
chair 454 268 658 523 0.99 
table 429 182 809 458 0.97 
table 517 321 808 613 0.89 
chair 692 171 814 368 0.88 
chair 207 98 314 252 0.86 
chair 404 209 595 471 0.82 
chair 456 423 773 609 1.00 
chair 381 176 538 421 1.00 
chair 492 128 632 206 0.99 
chair 454 268 658 523 0.99 
table 429 182 809 458 0.97 
table 517 321 808 613 0.89 
chair 692 171 814 368 0.88 
chair 207 98 314 252 0.86 
chair 404 209 595 471 0.82 
