chair 231 55 353 184 1.00 
chair 241 105 453 391 1.00 
chair 30 249 419 608 1.00 
chair 512 133 691 357 0.99 
chair 2 95 165 266 0.99 
chair 93 43 271 224 0.98 
table 0 91 372 322 0.97 
chair 162 48 317 190 0.93 
table 9 165 323 522 0.87 
table 61 79 329 250 0.67 
chair 231 55 353 184 1.00 
chair 241 105 453 391 1.00 
chair 30 249 419 608 1.00 
chair 512 133 691 357 0.99 
chair 2 95 165 266 0.99 
chair 93 43 271 224 0.98 
table 0 91 372 322 0.97 
chair 162 48 317 190 0.93 
table 9 165 323 522 0.87 
table 61 79 329 250 0.67 
