chair 379 273 643 565 1.00 
chair 221 163 410 391 1.00 
chair 510 112 659 200 1.00 
table 356 181 810 570 1.00 
chair 648 100 785 180 0.99 
chair 627 318 814 609 0.99 
chair 380 146 525 327 0.98 
table 669 150 814 353 0.95 
table 0 339 121 609 0.82 
chair 379 273 643 565 1.00 
chair 221 163 410 391 1.00 
chair 510 112 659 200 1.00 
table 356 181 810 570 1.00 
chair 648 100 785 180 0.99 
chair 627 318 814 609 0.99 
chair 380 146 525 327 0.98 
table 669 150 814 353 0.95 
table 0 339 121 609 0.82 
