chair 0 461 306 607 1.00 
chair 150 252 392 491 1.00 
chair 561 133 764 265 1.00 
table 27 263 719 608 1.00 
chair 316 176 498 309 1.00 
chair 236 150 360 263 0.99 
chair 33 349 248 520 0.99 
chair 746 147 816 262 0.99 
chair 94 201 256 368 0.99 
chair 53 227 201 371 0.99 
chair 181 162 317 305 0.98 
chair 254 179 377 287 0.98 
chair 23 404 262 580 0.96 
table 503 257 817 609 0.95 
table 2 284 79 459 0.89 
chair 140 190 329 344 0.71 
chair 34 292 209 440 0.57 
chair 0 461 306 607 1.00 
chair 150 252 392 491 1.00 
chair 561 133 764 265 1.00 
table 27 263 719 608 1.00 
chair 316 176 498 309 1.00 
chair 236 150 360 263 0.99 
chair 33 349 248 520 0.99 
chair 746 147 816 262 0.99 
chair 94 201 256 368 0.99 
chair 53 227 201 371 0.99 
chair 181 162 317 305 0.98 
chair 254 179 377 287 0.98 
chair 23 404 262 580 0.96 
table 503 257 817 609 0.95 
table 2 284 79 459 0.89 
chair 140 190 329 344 0.71 
chair 34 292 209 440 0.57 
