chair 332 237 719 610 1.00 
chair 23 71 259 249 1.00 
chair 433 30 600 253 1.00 
chair 212 33 367 200 0.99 
table 0 213 462 605 0.99 
chair 358 159 629 442 0.98 
chair 566 538 765 606 0.97 
chair 566 34 691 229 0.96 
chair 577 39 748 291 0.91 
chair 0 63 108 279 0.59 
chair 332 237 719 610 1.00 
chair 23 71 259 249 1.00 
chair 433 30 600 253 1.00 
chair 212 33 367 200 0.99 
table 0 213 462 605 0.99 
chair 358 159 629 442 0.98 
chair 566 538 765 606 0.97 
chair 566 34 691 229 0.96 
chair 577 39 748 291 0.91 
chair 0 63 108 279 0.59 
