chair 0 3 118 100 1.00 
chair 423 29 566 246 1.00 
chair 455 174 817 609 1.00 
chair 374 1 457 155 0.99 
chair 552 1 614 121 0.99 
chair 435 7 560 148 0.99 
chair 532 18 691 182 0.98 
chair 483 95 716 394 0.98 
chair 550 38 737 259 0.98 
chair 68 5 264 197 0.96 
chair 639 112 812 389 0.96 
table 3 182 324 614 0.95 
table 11 64 286 225 0.94 
chair 595 78 775 338 0.83 
chair 541 139 792 434 0.63 
chair 0 3 118 100 1.00 
chair 423 29 566 246 1.00 
chair 455 174 817 609 1.00 
chair 374 1 457 155 0.99 
chair 552 1 614 121 0.99 
chair 435 7 560 148 0.99 
chair 532 18 691 182 0.98 
chair 483 95 716 394 0.98 
chair 550 38 737 259 0.98 
chair 68 5 264 197 0.96 
chair 639 112 812 389 0.96 
table 3 182 324 614 0.95 
table 11 64 286 225 0.94 
chair 595 78 775 338 0.83 
chair 541 139 792 434 0.63 
