chair 288 54 412 187 1.00 
chair 59 90 164 256 1.00 
chair 702 46 795 148 1.00 
chair 222 118 406 326 1.00 
chair 535 46 701 139 1.00 
table 389 123 831 571 0.98 
table 277 83 662 334 0.98 
chair 370 49 503 112 0.97 
chair 668 278 812 553 0.97 
table 0 507 61 607 0.93 
chair 0 201 149 563 0.93 
chair 288 54 412 187 1.00 
chair 59 90 164 256 1.00 
chair 702 46 795 148 1.00 
chair 222 118 406 326 1.00 
chair 535 46 701 139 1.00 
table 389 123 831 571 0.98 
table 277 83 662 334 0.98 
chair 370 49 503 112 0.97 
chair 668 278 812 553 0.97 
table 0 507 61 607 0.93 
chair 0 201 149 563 0.93 
