chair 391 57 558 324 1.00 
chair 576 104 815 472 1.00 
chair 209 67 410 363 1.00 
chair 4 4 140 189 1.00 
chair 97 11 288 229 1.00 
chair 48 6 224 203 0.99 
chair 237 286 586 613 0.99 
table 0 164 369 610 0.99 
chair 65 348 538 607 0.98 
chair 4 437 390 603 0.95 
chair 680 300 813 579 0.91 
chair 391 57 558 324 1.00 
chair 576 104 815 472 1.00 
chair 209 67 410 363 1.00 
chair 4 4 140 189 1.00 
chair 97 11 288 229 1.00 
chair 48 6 224 203 0.99 
chair 237 286 586 613 0.99 
table 0 164 369 610 0.99 
chair 65 348 538 607 0.98 
chair 4 437 390 603 0.95 
chair 680 300 813 579 0.91 
