chair 480 161 583 315 1.00 
chair 583 144 690 307 1.00 
chair 675 307 815 447 1.00 
chair 400 167 496 308 1.00 
chair 87 185 274 431 1.00 
chair 692 139 794 298 1.00 
chair 6 187 135 342 1.00 
chair 671 454 812 587 1.00 
chair 678 199 806 328 0.98 
chair 132 234 428 587 0.84 
chair 1 297 325 612 0.79 
chair 480 161 583 315 1.00 
chair 583 144 690 307 1.00 
chair 675 307 815 447 1.00 
chair 400 167 496 308 1.00 
chair 87 185 274 431 1.00 
chair 692 139 794 298 1.00 
chair 6 187 135 342 1.00 
chair 671 454 812 587 1.00 
chair 678 199 806 328 0.98 
chair 132 234 428 587 0.84 
chair 1 297 325 612 0.79 
