chair 576 83 775 261 1.00 
chair 444 82 621 275 1.00 
chair 636 3 781 82 1.00 
chair 567 11 706 187 1.00 
chair 472 11 595 129 0.99 
chair 438 1 553 125 0.99 
chair 510 6 626 118 0.99 
chair 729 0 815 154 0.99 
chair 696 24 807 215 0.98 
chair 365 20 483 154 0.97 
chair 671 12 793 155 0.92 
chair 676 233 810 583 0.90 
chair 583 7 702 103 0.90 
chair 630 16 765 179 0.76 
chair 458 42 613 203 0.75 
chair 746 53 814 228 0.51 
chair 576 83 775 261 1.00 
chair 444 82 621 275 1.00 
chair 636 3 781 82 1.00 
chair 567 11 706 187 1.00 
chair 472 11 595 129 0.99 
chair 438 1 553 125 0.99 
chair 510 6 626 118 0.99 
chair 729 0 815 154 0.99 
chair 696 24 807 215 0.98 
chair 365 20 483 154 0.97 
chair 671 12 793 155 0.92 
chair 676 233 810 583 0.90 
chair 583 7 702 103 0.90 
chair 630 16 765 179 0.76 
chair 458 42 613 203 0.75 
chair 746 53 814 228 0.51 
