chair 0 278 173 551 1.00 
chair 0 106 137 223 1.00 
chair 346 138 536 297 1.00 
chair 540 391 813 608 1.00 
chair 293 117 454 237 1.00 
chair 414 195 636 383 0.99 
chair 271 82 394 191 0.99 
chair 477 72 590 173 0.99 
chair 1 197 166 418 0.99 
chair 518 96 671 249 0.99 
chair 602 146 760 282 0.98 
chair 653 196 812 460 0.98 
chair 0 411 237 605 0.98 
chair 575 75 735 234 0.95 
chair 691 84 811 282 0.94 
chair 735 155 815 323 0.94 
chair 435 268 757 549 0.89 
chair 489 88 623 199 0.80 
chair 691 250 813 539 0.78 
chair 542 130 719 272 0.72 
chair 675 132 814 368 0.71 
chair 0 158 136 322 0.66 
chair 421 229 690 465 0.66 
chair 547 224 787 480 0.55 
chair 411 123 599 283 0.53 
chair 0 278 173 551 1.00 
chair 0 106 137 223 1.00 
chair 346 138 536 297 1.00 
chair 540 391 813 608 1.00 
chair 293 117 454 237 1.00 
chair 414 195 636 383 0.99 
chair 271 82 394 191 0.99 
chair 477 72 590 173 0.99 
chair 1 197 166 418 0.99 
chair 518 96 671 249 0.99 
chair 602 146 760 282 0.98 
chair 653 196 812 460 0.98 
chair 0 411 237 605 0.98 
chair 575 75 735 234 0.95 
chair 691 84 811 282 0.94 
chair 735 155 815 323 0.94 
chair 435 268 757 549 0.89 
chair 489 88 623 199 0.80 
chair 691 250 813 539 0.78 
chair 542 130 719 272 0.72 
chair 675 132 814 368 0.71 
chair 0 158 136 322 0.66 
chair 421 229 690 465 0.66 
chair 547 224 787 480 0.55 
chair 411 123 599 283 0.53 
