chair 482 114 605 267 1.00 
chair 582 158 776 339 1.00 
chair 275 379 584 606 1.00 
chair 225 0 305 129 0.99 
chair 0 49 158 133 0.99 
chair 397 64 500 211 0.99 
chair 169 231 444 456 0.99 
chair 69 161 351 337 0.99 
chair 0 460 93 607 0.98 
chair 320 4 447 126 0.98 
chair 38 123 283 289 0.98 
chair 279 15 413 152 0.98 
chair 2 57 181 187 0.97 
chair 704 87 812 324 0.97 
chair 24 84 225 236 0.96 
chair 321 21 477 200 0.94 
chair 111 192 401 400 0.72 
chair 482 114 605 267 1.00 
chair 582 158 776 339 1.00 
chair 275 379 584 606 1.00 
chair 225 0 305 129 0.99 
chair 0 49 158 133 0.99 
chair 397 64 500 211 0.99 
chair 169 231 444 456 0.99 
chair 69 161 351 337 0.99 
chair 0 460 93 607 0.98 
chair 320 4 447 126 0.98 
chair 38 123 283 289 0.98 
chair 279 15 413 152 0.98 
chair 2 57 181 187 0.97 
chair 704 87 812 324 0.97 
chair 24 84 225 236 0.96 
chair 321 21 477 200 0.94 
chair 111 192 401 400 0.72 
