chair 554 221 674 337 1.00 
chair 401 196 490 325 1.00 
chair 543 203 635 310 1.00 
chair 577 266 745 443 1.00 
chair 685 376 817 535 1.00 
chair 501 370 709 559 1.00 
chair 681 187 812 325 0.99 
table 128 170 458 322 0.97 
chair 619 294 802 448 0.91 
chair 585 249 714 382 0.83 
chair 554 221 674 337 1.00 
chair 401 196 490 325 1.00 
chair 543 203 635 310 1.00 
chair 577 266 745 443 1.00 
chair 685 376 817 535 1.00 
chair 501 370 709 559 1.00 
chair 681 187 812 325 0.99 
table 128 170 458 322 0.97 
chair 619 294 802 448 0.91 
chair 585 249 714 382 0.83 
