chair 246 437 362 548 1.00 
chair 747 445 813 503 1.00 
chair 328 406 422 451 1.00 
chair 412 412 508 472 1.00 
chair 45 411 174 515 1.00 
chair 26 502 172 607 1.00 
chair 644 430 741 556 1.00 
chair 149 530 306 608 1.00 
chair 714 408 801 453 1.00 
chair 363 454 461 522 0.99 
chair 297 542 460 609 0.99 
chair 245 386 341 498 0.99 
chair 161 397 269 509 0.99 
chair 659 482 790 608 0.99 
chair 0 402 82 469 0.97 
chair 693 569 810 606 0.96 
chair 2 490 45 587 0.89 
chair 793 498 815 578 0.88 
chair 246 437 362 548 1.00 
chair 747 445 813 503 1.00 
chair 328 406 422 451 1.00 
chair 412 412 508 472 1.00 
chair 45 411 174 515 1.00 
chair 26 502 172 607 1.00 
chair 644 430 741 556 1.00 
chair 149 530 306 608 1.00 
chair 714 408 801 453 1.00 
chair 363 454 461 522 0.99 
chair 297 542 460 609 0.99 
chair 245 386 341 498 0.99 
chair 161 397 269 509 0.99 
chair 659 482 790 608 0.99 
chair 0 402 82 469 0.97 
chair 693 569 810 606 0.96 
chair 2 490 45 587 0.89 
chair 793 498 815 578 0.88 
