chair 220 227 449 553 1.00 
chair 250 155 398 283 1.00 
desk 439 139 688 450 1.00 
chair 12 210 220 465 1.00 
table 5 167 264 327 0.99 
desk 465 270 822 613 0.99 
chair 255 157 408 278 1.00 
chair 223 239 447 561 1.00 
chair 9 196 233 465 0.98 
table 12 159 262 327 0.97 
desk 434 141 678 441 0.95 
desk 480 281 818 601 0.94 
desk 458 212 754 518 0.76 
chair 220 227 449 553 1.00 
chair 250 155 398 283 1.00 
desk 439 139 688 450 1.00 
chair 12 210 220 465 1.00 
table 5 167 264 327 0.99 
desk 465 270 822 613 0.99 
