chair 74 8 209 184 1.00 
chair 120 149 613 599 1.00 
chair 154 28 349 313 1.00 
chair 139 2 296 110 0.99 
chair 338 1 478 175 0.99 
chair 248 8 417 237 0.99 
chair 0 15 137 212 0.99 
chair 15 98 259 477 0.98 
chair 0 202 139 616 0.98 
chair 577 0 689 206 0.97 
chair 347 65 654 422 0.96 
chair 508 22 655 298 0.96 
chair 782 226 815 349 0.89 
chair 74 8 209 184 1.00 
chair 120 149 613 599 1.00 
chair 154 28 349 313 1.00 
chair 139 2 296 110 0.99 
chair 338 1 478 175 0.99 
chair 248 8 417 237 0.99 
chair 0 15 137 212 0.99 
chair 15 98 259 477 0.98 
chair 0 202 139 616 0.98 
chair 577 0 689 206 0.97 
chair 347 65 654 422 0.96 
chair 508 22 655 298 0.96 
chair 782 226 815 349 0.89 
