chair 648 52 807 170 1.00 
chair 616 121 817 357 1.00 
chair 331 108 507 311 1.00 
chair 592 224 819 605 1.00 
chair 624 473 814 607 1.00 
chair 115 222 452 577 1.00 
chair 0 449 152 610 0.99 
chair 255 143 496 405 0.99 
chair 638 76 811 245 0.99 
chair 200 171 461 484 0.97 
chair 9 278 386 609 0.96 
chair 648 52 807 170 1.00 
chair 616 121 817 357 1.00 
chair 331 108 507 311 1.00 
chair 592 224 819 605 1.00 
chair 624 473 814 607 1.00 
chair 115 222 452 577 1.00 
chair 0 449 152 610 0.99 
chair 255 143 496 405 0.99 
chair 638 76 811 245 0.99 
chair 200 171 461 484 0.97 
chair 9 278 386 609 0.96 
