chair 491 96 653 321 1.00 
chair 270 69 389 179 1.00 
chair 350 78 507 204 1.00 
chair 58 156 340 507 0.99 
chair 240 218 586 599 0.98 
chair 635 114 811 416 0.96 
desk 465 130 812 474 0.96 
chair 0 139 175 413 0.93 
desk 191 92 510 302 0.90 
chair 0 100 80 346 0.82 
desk 0 231 691 608 0.75 
chair 294 77 455 196 0.58 
chair 491 96 653 321 1.00 
chair 270 69 389 179 1.00 
chair 350 78 507 204 1.00 
chair 58 156 340 507 0.99 
chair 240 218 586 599 0.98 
chair 635 114 811 416 0.96 
desk 465 130 812 474 0.96 
chair 0 139 175 413 0.93 
desk 191 92 510 302 0.90 
chair 0 100 80 346 0.82 
desk 0 231 691 608 0.75 
chair 294 77 455 196 0.58 
