chair 174 101 391 346 1.00 
chair 399 67 565 182 1.00 
chair 432 164 783 524 1.00 
chair 657 88 816 341 1.00 
chair 1 248 277 605 1.00 
chair 267 124 524 390 1.00 
chair 543 34 713 210 1.00 
chair 494 67 724 258 0.99 
chair 14 427 442 607 0.98 
chair 643 34 798 195 0.98 
chair 0 176 130 397 0.96 
chair 700 235 812 595 0.93 
chair 681 128 812 480 0.74 
chair 306 140 639 441 0.57 
chair 720 43 814 193 0.52 
chair 174 101 391 346 1.00 
chair 399 67 565 182 1.00 
chair 432 164 783 524 1.00 
chair 657 88 816 341 1.00 
chair 1 248 277 605 1.00 
chair 267 124 524 390 1.00 
chair 543 34 713 210 1.00 
chair 494 67 724 258 0.99 
chair 14 427 442 607 0.98 
chair 643 34 798 195 0.98 
chair 0 176 130 397 0.96 
chair 700 235 812 595 0.93 
chair 681 128 812 480 0.74 
chair 306 140 639 441 0.57 
chair 720 43 814 193 0.52 
