chair 266 29 440 145 0.99 
chair 17 302 463 607 0.99 
chair 40 17 242 218 0.99 
desk 152 56 464 275 0.98 
chair 238 161 645 401 0.97 
chair 596 66 808 297 0.97 
desk 48 247 817 606 0.82 
desk 0 115 262 359 0.79 
chair 1 64 79 345 0.69 
desk 87 95 364 331 0.57 
chair 266 29 440 145 0.99 
chair 17 302 463 607 0.99 
chair 40 17 242 218 0.99 
desk 152 56 464 275 0.98 
chair 238 161 645 401 0.97 
chair 596 66 808 297 0.97 
desk 48 247 817 606 0.82 
desk 0 115 262 359 0.79 
chair 1 64 79 345 0.69 
desk 87 95 364 331 0.57 
