chair 475 34 643 195 1.00 
chair 649 70 803 369 1.00 
chair 57 148 307 423 1.00 
chair 288 93 544 364 1.00 
chair 361 31 501 131 1.00 
table 219 170 764 610 0.99 
chair 35 358 462 608 0.98 
table 0 157 416 497 0.98 
chair 0 238 265 607 0.98 
chair 687 227 811 622 0.93 
chair 475 34 643 195 1.00 
chair 649 70 803 369 1.00 
chair 57 148 307 423 1.00 
chair 288 93 544 364 1.00 
chair 361 31 501 131 1.00 
table 219 170 764 610 0.99 
chair 35 358 462 608 0.98 
table 0 157 416 497 0.98 
chair 0 238 265 607 0.98 
chair 687 227 811 622 0.93 
