chair 352 116 539 366 1.00 
chair 0 148 99 265 1.00 
chair 199 192 489 589 1.00 
chair 370 160 630 507 1.00 
chair 65 114 182 202 1.00 
chair 155 105 267 190 1.00 
chair 36 188 293 526 1.00 
chair 567 119 792 423 0.99 
chair 259 79 401 244 0.99 
chair 209 141 449 385 0.99 
chair 516 97 691 343 0.99 
chair 7 265 346 608 0.99 
chair 243 114 419 313 0.93 
chair 201 88 351 210 0.65 
chair 352 116 539 366 1.00 
chair 0 148 99 265 1.00 
chair 199 192 489 589 1.00 
chair 370 160 630 507 1.00 
chair 65 114 182 202 1.00 
chair 155 105 267 190 1.00 
chair 36 188 293 526 1.00 
chair 567 119 792 423 0.99 
chair 259 79 401 244 0.99 
chair 209 141 449 385 0.99 
chair 516 97 691 343 0.99 
chair 7 265 346 608 0.99 
chair 243 114 419 313 0.93 
chair 201 88 351 210 0.65 
