chair 295 69 457 302 1.00 
chair 424 25 603 265 1.00 
chair 550 32 727 312 0.99 
chair 305 290 661 605 0.99 
chair 46 163 314 474 0.99 
table 371 91 714 367 0.98 
table 146 105 434 366 0.98 
chair 3 148 196 376 0.97 
chair 218 59 299 245 0.95 
table 279 99 588 360 0.93 
chair 712 187 815 548 0.82 
table 26 105 311 354 0.72 
chair 295 69 457 302 1.00 
chair 424 25 603 265 1.00 
chair 550 32 727 312 0.99 
chair 305 290 661 605 0.99 
chair 46 163 314 474 0.99 
table 371 91 714 367 0.98 
table 146 105 434 366 0.98 
chair 3 148 196 376 0.97 
chair 218 59 299 245 0.95 
table 279 99 588 360 0.93 
chair 712 187 815 548 0.82 
table 26 105 311 354 0.72 
