chair 272 153 545 509 1.00 
chair 1 142 201 426 0.99 
chair 608 50 795 181 0.99 
chair 711 13 812 181 0.99 
chair 523 131 785 429 0.99 
chair 358 230 723 606 0.98 
chair 179 95 349 317 0.98 
chair 54 95 229 331 0.98 
chair 136 127 342 412 0.96 
chair 594 194 818 602 0.93 
table 15 107 328 353 0.83 
chair 272 153 545 509 1.00 
chair 1 142 201 426 0.99 
chair 608 50 795 181 0.99 
chair 711 13 812 181 0.99 
chair 523 131 785 429 0.99 
chair 358 230 723 606 0.98 
chair 179 95 349 317 0.98 
chair 54 95 229 331 0.98 
chair 136 127 342 412 0.96 
chair 594 194 818 602 0.93 
table 15 107 328 353 0.83 
