chair 674 20 776 104 1.00 
chair 0 128 191 405 1.00 
chair 161 4 305 166 1.00 
chair 620 166 779 451 0.99 
chair 257 17 398 234 0.99 
chair 298 63 509 231 0.99 
chair 110 152 439 454 0.98 
chair 0 92 160 295 0.95 
table 43 84 350 298 0.95 
chair 196 14 349 203 0.93 
table 127 57 396 252 0.53 
chair 674 20 776 104 1.00 
chair 0 128 191 405 1.00 
chair 161 4 305 166 1.00 
chair 620 166 779 451 0.99 
chair 257 17 398 234 0.99 
chair 298 63 509 231 0.99 
chair 110 152 439 454 0.98 
chair 0 92 160 295 0.95 
table 43 84 350 298 0.95 
chair 196 14 349 203 0.93 
table 127 57 396 252 0.53 
