chair 717 92 778 241 1.00 
chair 611 103 777 380 0.99 
chair 197 258 737 608 0.99 
chair 397 3 601 106 0.98 
chair 481 0 674 202 0.97 
chair 221 46 454 235 0.97 
chair 1 83 310 310 0.97 
table 467 0 782 310 0.97 
chair 709 412 778 614 0.89 
table 1 71 744 609 0.87 
chair 717 92 778 241 1.00 
chair 611 103 777 380 0.99 
chair 197 258 737 608 0.99 
chair 397 3 601 106 0.98 
chair 481 0 674 202 0.97 
chair 221 46 454 235 0.97 
chair 1 83 310 310 0.97 
table 467 0 782 310 0.97 
chair 709 412 778 614 0.89 
table 1 71 744 609 0.87 
