table 548 32 786 353 1.00 
chair 693 6 776 224 1.00 
chair 170 99 472 515 1.00 
chair 433 56 641 352 1.00 
chair 247 329 753 603 0.99 
chair 448 30 608 260 0.99 
bookshelf 197 3 382 234 0.99 
table 557 118 782 548 0.99 
chair 683 51 771 376 0.96 
bookshelf 185 50 422 371 0.50 
table 548 32 786 353 1.00 
chair 693 6 776 224 1.00 
chair 170 99 472 515 1.00 
chair 433 56 641 352 1.00 
chair 247 329 753 603 0.99 
chair 448 30 608 260 0.99 
bookshelf 197 3 382 234 0.99 
table 557 118 782 548 0.99 
chair 683 51 771 376 0.96 
bookshelf 185 50 422 371 0.50 
